5.052993 3.383683 
4.822110 4.508182 
6.772483 4.030698 
2.491196 4.525892 
4.543411 4.333836 
7.430378 5.478375 
4.528546 3.958942 
4.439672 4.179341 
3.773533 5.101130 
5.792950 6.083983 
2.890060 3.145473 
4.200605 6.799753 
5.566975 4.121626 
4.998557 5.647733 
5.623925 6.049565 
5.126441 6.323093 
5.680868 4.482641 
3.712584 5.024315 
5.218085 4.837633 
3.433433 4.394339 
5.783282 5.271710 
4.689430 5.358643 
5.655324 4.647685 
4.462533 5.132360 
5.328643 7.673582 
6.054072 4.992434 
3.020301 5.710303 
3.132612 4.537461 
3.167644 4.472122 
5.848592 4.654213 
5.405187 5.564558 
4.297544 4.198461 
6.499046 3.147053 
5.137795 5.053216 
3.413179 4.563585 
3.980854 5.280007 
3.614766 5.084606 
5.954886 5.729119 
4.398880 5.900753 
3.828109 3.674362 
4.422890 3.475421 
4.163569 5.502433 
5.852970 5.306391 
5.477331 4.060840 
5.302320 6.237402 
5.415776 5.033012 
5.042975 5.123568 
4.051147 5.273939 
5.541608 5.754166 
4.178872 6.524498 
3.928095 4.738024 
3.925908 3.269316 
5.869553 6.013464 
5.981051 4.072264 
3.241175 6.243680 
4.851904 4.410511 
5.251942 6.491482 
4.389615 4.194022 
5.760980 3.887401 
5.254430 5.956940 
4.847166 3.636948 
4.442589 5.680585 
5.677018 5.437824 
5.849297 4.856732 
5.469307 4.658467 
4.760218 7.057811 
5.920985 4.625465 
4.093119 4.809797 
5.144441 4.061268 
6.396409 4.186538 
4.810301 4.416381 
4.156164 6.709525 
6.943438 4.609580 
4.753078 4.309935 
5.441619 4.551779 
4.196389 5.714376 
5.287609 3.684269 
5.467018 5.627122 
5.004562 3.668705 
5.326090 4.869152 
6.204587 3.173104 
3.595884 5.535922 
5.205564 5.692865 
3.008804 4.312450 
5.028409 5.317576 
6.930515 5.162842 
5.941137 6.159116 
4.993076 5.128388 
4.661758 6.039458 
5.528266 4.883229 
6.056900 4.351703 
5.014741 4.962019 
6.614761 4.800675 
4.184145 5.881670 
3.002241 4.943856 
4.251809 4.158761 
4.800696 4.845156 
4.627240 6.188595 
4.152629 4.585093 
6.337238 4.341383 
