0 5.7967 5.61114 
0 5.7804 5.80824 
0 5.90083 5.33022 
0 5.82463 5.54759 
0 5.77009 5.81568 
0 5.84388 5.86346 
1 5.27735 4.66974 
1 5.47081 4.82607 
1 5.35457 4.52103 
1 5.12419 4.62435 
1 5.06076 4.53347 
1 5.5245 4.51585 
1 5.69437 4.98506 
1 5.55838 5.0857 
1 5.60514 4.89159 
1 4.93885 4.59595 
1 4.94147 4.40458 
1 4.77116 4.493 
1 5.23303 4.36463 
1 4.71781 4.21135 
1 5.0455 4.26734 
2 5.14355 5.19054 
2 4.93595 5.04845 
2 5.11802 5.02177 
2 4.9948 4.95074 
2 5.16587 5.17967 
2 4.85485 5.32984 
2 4.86002 4.89503 
3 3.60639 4.42103 
3 3.54216 4.70355 
3 3.34996 4.31596 
3 3.7641 4.40573 
3 3.64331 4.5305 
4 4.3002 5.22127 
4 4.05056 5.11356 
4 4.47928 5.13719 
4 4.39977 5.308 
4 4.52962 5.26492 
4 4.1181 5.16421 
4 4.10446 5.35613 
4 4.62085 5.4108 
5 5.85744 4.3328 
5 4.37436 5.7573 
5 3.27711 4.8142 
5 4.58533 6.70021 
5 4.16898 3.53076 
5 6.10353 6.25159 
5 4.50012 4.03734 
5 3.03874 5.05653 
5 3.72434 6.14786 
5 7.75655 4.74692 
5 4.40276 4.18163 
5 6.48354 4.43449 
5 6.02199 4.80934 
5 4.40566 3.52843 
5 4.28898 6.03395 
5 5.15956 7.52219 
5 4.4954 4.74555 
5 5.66336 7.62686 
5 5.29681 3.05702 
5 3.94284 3.98774 
5 3.4632 5.56242 
5 5.51327 3.60956 
5 6.61259 6.15489 
5 3.97096 3.77003 
5 6.0338 4.23452 
5 6.63062 5.46724 
5 2.84201 4.10434 
5 5.35223 5.96976 
5 5.67157 3.48616 
5 6.32251 7.0344 
5 4.21705 4.15069 
5 6.36495 5.2778 
5 6.26009 7.92857 
5 3.23307 6.39974 
5 6.4282 5.66435 
5 5.55064 6.42137 
5 5.25777 2.57198 
5 4.09355 4.69294 
5 3.50335 3.70092 
5 2.91322 5.58473 
5 3.0787 6.04901 
5 5.39433 3.9853 
5 3.18901 6.15346 
5 5.50257 3.83782 
5 5.27513 6.513 
5 4.61862 6.19312 
5 6.25643 3.57275 
5 4.47897 3.46133 
5 5.41518 6.26198 
5 6.07466 4.842 
5 3.74074 5.22819 
5 5.72449 3.63839 
5 5.34523 2.88812 
5 5.24724 3.28366 
5 6.66391 5.67213 
5 3.73385 5.13431 
5 4.01031 4.54546 
5 3.55429 5.31267 
5 4.06516 5.81417 
