5.796695 5.611141 
5.277353 4.669738 
5.143552 5.190535 
5.780401 5.808242 
5.857441 4.332801 
4.374362 5.757302 
3.277113 4.814195 
3.542158 4.703546 
5.900825 5.330223 
5.470813 4.826070 
3.606394 4.421030 
4.585331 6.700212 
4.935950 5.048454 
5.118022 5.021769 
4.938846 4.595947 
4.168977 3.530756 
6.103529 6.251590 
4.500123 4.037336 
4.050557 5.113565 
3.038738 5.056525 
3.724344 6.147856 
7.756552 4.746924 
4.402762 4.181629 
6.483540 4.434488 
4.479283 5.137189 
6.021989 4.809338 
4.405662 3.528427 
4.288985 6.033948 
5.354569 4.521034 
5.159556 7.522193 
5.694370 4.985056 
4.495402 4.745551 
5.558383 5.085699 
4.300201 5.221274 
5.824631 5.547587 
5.663361 7.626856 
5.296808 3.057022 
3.942840 3.987740 
3.349957 4.315964 
4.399767 5.307998 
5.124186 4.624350 
3.463203 5.562417 
5.513270 3.609563 
6.612585 6.154891 
4.529622 5.264919 
4.854852 5.329842 
3.970956 3.770031 
4.941475 4.404583 
4.118103 5.164205 
6.033805 4.234522 
5.770093 5.815680 
5.233032 4.364629 
4.717815 4.211354 
6.630620 5.467236 
2.842009 4.104345 
5.352233 5.969757 
5.671572 3.486161 
5.045499 4.267341 
6.322513 7.034395 
4.217048 4.150691 
5.060761 4.533472 
6.364946 5.277805 
4.104459 5.356132 
6.260092 7.928568 
3.233068 6.399740 
4.771156 4.493001 
6.428200 5.664353 
5.550636 6.421374 
4.994799 4.950743 
5.257769 2.571983 
4.093552 4.692942 
3.503350 3.700918 
2.913217 5.584734 
5.605137 4.891588 
3.078702 6.049008 
5.394329 3.985303 
3.189009 6.153464 
5.502566 3.837822 
5.275126 6.512996 
5.165866 5.179668 
4.618618 6.193122 
6.256428 3.572747 
5.843881 5.863465 
3.764103 4.405733 
4.478974 3.461334 
5.415185 6.261977 
4.620854 5.410799 
6.074658 4.842003 
3.740736 5.228192 
5.524503 4.515851 
5.724489 3.638385 
5.345235 2.888119 
5.247244 3.283659 
3.643310 4.530498 
6.663913 5.672129 
4.860022 4.895026 
3.733848 5.134310 
4.010306 4.545457 
3.554288 5.312671 
4.065159 5.814168 
