0 -0.999035 0.430263 
0 -0.60054 0.893196 
0 -0.600149 0.991562 
0 -0.973132 0.318087 
0 -0.539441 0.921842 
0 -1.078 0.292778 
0 -0.89441 0.642381 
0 -1.19045 0.05794 
0 -1.10841 -0.047858 
0 -0.958036 0.476508 
0 -0.301262 1.10142 
0 -0.251856 1.12304 
0 -0.208697 1.11661 
0 -0.300728 1.09031 
0 -0.263048 1.0111 
0 -0.459283 1.04319 
0 -0.3456 1.06872 
0 0.825482 0.805125 
0 0.631557 0.89813 
0 0.88236 0.578705 
0 0.855561 0.690866 
0 0.233857 1.02467 
0 0.925189 0.49968 
0 0.208785 1.02991 
0 0.299983 1.00488 
0 0.679625 0.97178 
0 0.235073 1.06912 
0 -0.766657 -0.698844 
0 -0.327852 -1.08062 
0 -0.954351 -0.642104 
0 -1.06203 -0.510101 
0 -0.853511 -0.576306 
0 -1.12388 -0.318522 
0 -0.977496 -0.35311 
0 1.0717 -0.193976 
0 1.14626 -0.195774 
1 1.69352 -1.2576 
1 1.47151 -1.57582 
1 1.84349 -1.12369 
1 2.00433 -0.811327 
1 1.19087 -1.63439 
1 1.74001 -1.28017 
1 1.26459 -1.78281 
1 1.81955 -1.11848 
1 1.51821 -1.41223 
1 1.39044 -1.67515 
1 1.22585 -1.77752 
1 1.69862 -1.28639 
1 -1.79936 1.00144 
1 -2.05222 0.380364 
1 -1.99589 0.570142 
1 -1.81194 0.934979 
1 -2.01206 0.317519 
1 -1.98886 0.895045 
1 -1.61305 1.49005 
1 -1.97958 0.644146 
1 -1.50744 1.40302 
1 -1.609 1.21649 
1 -1.97139 0.3793 
1 -1.89233 0.907863 
1 -1.09697 -1.84786 
1 -0.626345 -1.93914 
1 -0.833418 -1.83591 
1 -0.403325 -2.05821 
1 -0.880781 -1.90824 
1 -1.3079 -1.75382 
1 -0.487958 -1.98612 
1 -0.990863 -1.81033 
1 -0.642507 -1.98336 
1 -1.42423 -1.47794 
1 -0.922746 -1.80514 
1 -0.375643 -2.0728 
1 -0.166792 -1.9989 
1 -1.06254 1.85453 
1 -0.841687 1.91232 
1 -1.05989 1.75019 
1 -0.518033 2.12237 
1 -1.09269 1.7374 
1 -1.2076 1.72321 
1 -0.69574 1.92441 
1 -1.2215 1.68244 
1 -0.736115 1.93156 
1 -0.581273 2.05533 
1 1.98528 -0.454765 
1 2.16797 -0.177084 
1 2.07594 0.27582 
1 2.04767 -0.127155 
1 2.13419 -0.185556 
1 2.09351 0.13282 
1 2.0876 0.131966 
1 2.17968 0.113894 
1 2.01212 0.193009 
1 -2.07157 0.093783 
1 -2.12454 0.049788 
1 -2.11727 -0.024591 
1 -2.05322 -0.236837 
1 0.88515 -1.92525 
1 1.08914 -1.90298 
1 1.00281 1.94228 
1 0.716637 2.0325 
1 1.50177 1.41192 
1 1.03559 1.78106 
1 0.96483 1.80369 
1 1.2808 1.61626 
1 1.05639 1.80079 
1 0.98589 1.90621 
1 1.48014 1.51175 
1 0.647471 2.00753 
1 1.41356 1.68264 
1 1.15048 1.66005 
1 0.786587 1.99476 
1 0.572282 2.06518 
1 0.161644 2.15748 
1 0.060732 2.08516 
1 0.208319 2.14572 
1 0.120352 -2.09432 
1 0.143375 -2.11997 
1 1.81293 1.11595 
1 1.78614 1.04652 
1 1.7735 1.24847 
1 1.9291 0.880566 
1 1.61959 1.24752 
1 1.52679 1.32793 
1 1.6602 1.28854 
1 1.87344 0.826019 
1 1.51342 1.38629 
1 1.90429 1.06269 
1 0.401808 -2.0634 
1 0.624262 -1.94376 
1 0.735564 -1.95323 
1 0.618991 -1.94336 
1 -0.049397 2.03354 
1 -1.73827 -1.19609 
1 -1.75505 -1.29008 
1 -1.71311 -1.2821 
1 -1.97142 -0.791818 
2 0.581875 2.99496 
2 0.552784 3.03494 
2 1.11056 2.8247 
2 0.815316 2.98537 
2 1.12812 2.82486 
2 0.306432 3.13914 
2 1.03145 3.00172 
2 -0.017461 3.02189 
2 0.626682 3.01651 
2 0.423491 2.97391 
2 0.66037 3.08104 
2 1.28856 2.79252 
2 1.24756 2.74038 
2 -0.000442 -3.13357 
2 0.398704 -3.1437 
2 0.196072 -3.08596 
2 -0.009169 -3.09426 
2 0.543271 -2.95767 
2 -0.416085 -3.03988 
2 -0.367556 -3.1316 
2 -0.512134 -3.0039 
2 0.197568 -3.04488 
2 0.357569 -3.15201 
2 0.559235 -3.02701 
2 -0.608603 -3.09888 
2 -0.616901 -3.09285 
2 -0.537175 -3.1192 
2 -0.351634 -3.08685 
2 0.891699 -2.9849 
2 0.778382 -3.09004 
2 0.834757 -3.04567 
2 -1.7294 2.53521 
2 -2.02297 2.33903 
2 -1.49168 2.72681 
2 -1.1017 2.92875 
2 -2.07731 2.26476 
2 -1.74757 2.6175 
2 -2.11256 2.23986 
2 -2.1613 2.17142 
2 -1.04684 2.83062 
2 -2.00974 -2.43351 
2 -2.11236 -2.31659 
2 -1.42667 -2.72667 
2 -2.22542 -2.14378 
2 -2.47765 -1.92774 
2 -1.64159 -2.60452 
2 -1.54614 -2.69153 
2 -2.09199 -2.31098 
2 -1.58133 -2.70992 
2 -1.72563 -2.56141 
2 -1.84379 -2.58791 
2 -2.41743 -2.03775 
2 -2.05327 -2.45176 
2 -2.30078 -1.95983 
2 -2.46213 -1.81279 
2 -2.63201 -1.80215 
2 -2.31926 1.90501 
2 -2.76764 1.41706 
2 -2.72719 1.53022 
2 -2.3863 1.86359 
2 -2.68627 1.35549 
2 -2.93269 1.06603 
2 -2.76404 1.2616 
2 -2.86843 1.29617 
2 -2.86856 0.938642 
2 -3.01144 1.04936 
2 -2.85667 1.29547 
2 -2.83611 1.33416 
2 -3.05221 0.558468 
2 -0.944489 -3.04484 
2 -0.765206 -3.04967 
2 -1.15901 -2.86405 
2 2.90464 1.30223 
2 2.74388 1.55533 
2 2.57391 1.87338 
2 2.7739 1.44893 
2 2.71766 1.55764 
2 2.99982 1.01406 
2 2.73866 1.32819 
2 2.65022 1.43276 
2 2.90921 1.14269 
2 2.52798 1.68559 
2 2.89362 1.12628 
2 2.59378 1.61232 
2 2.74003 1.3154 
2 2.49979 1.72988 
2 2.99423 0.189665 
2 3.04153 -0.36715 
2 3.09927 0.467196 
2 3.06934 -0.034833 
2 3.03837 -0.292622 
2 3.13368 -0.211549 
2 3.01473 -0.313124 
2 3.13039 0.182989 
2 2.32308 2.09601 
2 -0.409273 3.03704 
2 -0.51335 2.99404 
2 -0.306892 3.05467 
2 -0.932622 2.97363 
2 -0.33244 3.11015 
2 -0.367745 3.17331 
2 -0.342556 3.13231 
2 -0.619757 3.10546 
2 -0.795253 2.92094 
2 -3.07062 -0.733223 
2 -3.0427 -0.11334 
2 -2.86146 -1.30345 
2 -3.00298 -0.525278 
2 -3.04408 -0.232684 
2 -2.9829 -0.946487 
2 -2.94093 -0.99442 
2 -3.02511 -0.377357 
2 -2.97369 -1.0506 
2 -2.92797 -0.953638 
2 -3.02691 -0.609825 
2 -2.77111 -1.38743 
2 -2.85132 -1.0237 
2 1.15793 -2.92917 
2 1.31519 2.73029 
2 1.78249 2.56249 
2 1.54486 2.67049 
2 1.7222 2.56073 
2 1.68409 2.62361 
2 -2.57435 -1.6427 
2 -2.60203 -1.72423 
2 -2.68907 -1.55993 
2 -2.7688 -1.60178 
2 -2.75483 -1.53312 
2 -2.73246 -1.46201 
2 1.9083 2.42172 
2 1.9247 2.39411 
2 1.95428 2.49898 
2 2.17636 2.09544 
2 2.12868 2.24943 
2 1.29273 -2.85789 
2 1.50975 -2.62002 
2 1.30423 -2.84795 
2 1.40931 -2.67535 
2 1.52976 -2.69154 
2 1.35327 -2.79577 
2 1.38756 -2.73424 
2 1.47391 -2.80012 
2 1.46971 -2.81645 
2 1.85857 -2.53317 
2 1.68112 -2.56344 
2 1.98457 -2.42791 
2 2.27655 -2.20363 
2 2.3141 -2.14363 
2 2.11746 -2.15158 
2 2.08762 -2.35655 
2 2.9848 -0.806157 
2 2.94788 -0.987706 
2 2.93271 -0.761653 
2 2.84841 -1.18444 
2 2.75682 -1.2888 
2 2.70156 -1.37963 
2 3.0231 -0.596502 
2 2.94689 -0.738198 
2 2.64189 -1.66482 
2 2.56661 -1.71792 
3 -3.38484 2.48246 
3 -2.81166 2.95718 
3 -3.08603 2.73585 
3 -3.44339 2.34577 
3 -3.18033 2.72355 
3 -3.35016 2.27233 
3 -3.21038 2.42617 
3 -2.92218 2.88305 
3 -3.08485 2.56643 
3 -3.20981 2.61953 
3 -3.49233 2.28483 
3 -3.23079 2.47692 
3 -3.61775 1.86656 
3 -3.06071 2.76507 
3 -1.49822 -3.74555 
3 -1.99554 -3.48374 
3 -1.85635 -3.66254 
3 -2.09197 -3.48779 
3 -1.96118 -3.49183 
3 -1.95963 -3.55976 
3 -1.33971 -3.92978 
3 -0.967937 -3.91277 
3 -0.922533 -4.03175 
3 -1.61979 -3.74444 
3 -1.85801 -3.72082 
3 -1.49562 -3.84564 
3 -1.03041 -4.01504 
3 -1.57243 -3.83967 
3 -0.868392 -4.03081 
3 -1.43638 -3.86207 
3 -1.24679 -3.87528 
3 -2.06962 -3.59238 
3 -1.28132 -3.79855 
3 -1.42145 -3.89153 
3 -1.43054 -3.76512 
3 -1.73407 3.66171 
3 -2.3681 3.29639 
3 -1.76665 3.6533 
3 -1.28669 3.79174 
3 -1.71262 3.71197 
3 -1.66378 3.80567 
3 -1.55142 3.85753 
3 -2.28414 3.368 
3 -2.16367 3.51255 
3 -2.25754 3.32792 
3 -1.45284 3.88228 
3 -1.66715 3.77164 
3 -2.07626 3.45113 
3 -3.85246 -1.34155 
3 -3.94439 -1.41551 
3 -3.92571 -1.08941 
3 -3.68635 -1.86689 
3 -3.61311 -2.04838 
3 -3.91357 -1.07715 
3 -3.81907 -1.44223 
3 -3.80127 -1.68151 
3 -3.94334 -0.682491 
3 -3.81208 -1.64883 
3 -3.78728 -1.37017 
3 -3.69238 -1.93147 
3 -3.84365 -1.34483 
3 -4.10739 -0.705623 
3 -3.87459 -1.17273 
3 -4.01417 -1.11946 
3 -2.33805 -3.33957 
3 -2.46185 -3.23768 
3 -2.57233 -3.1957 
3 -2.41698 -3.41881 
3 -2.5207 -3.31225 
3 -2.67162 -3.23534 
3 -3.79247 1.6524 
3 -3.95886 1.32347 
3 -3.68656 1.68422 
3 -3.9812 1.26488 
3 -3.87578 1.21507 
3 -3.8992 0.984551 
3 -3.84456 1.19148 
3 -2.58889 3.15971 
3 -2.38481 3.2176 
3 -2.48652 3.20318 
3 -2.41149 3.19886 
3 -2.58448 3.14318 
3 -2.54893 3.19895 
3 -0.29214 4.18639 
3 0.013393 4.08041 
3 -0.257224 4.06814 
3 -0.453381 4.06064 
3 0.439942 4.10724 
3 -0.404624 4.11439 
3 -0.293509 4.02614 
3 -0.013315 4.16829 
3 0.349897 4.18261 
3 -0.121294 4.18612 
3 0.268388 4.12661 
3 -0.752286 4.02581 
3 -0.90826 3.99519 
3 0.203291 4.13395 
3 0.633296 3.9617 
3 -2.61912 -3.06401 
3 -2.89659 -2.86187 
3 -3.02178 -2.8418 
3 -2.65382 -3.02112 
3 -3.08131 -2.70974 
3 -3.15111 -2.59645 
3 -2.88262 -3.03286 
3 -2.95444 -2.73726 
3 -3.21277 -2.63351 
3 -2.95079 -2.70998 
3 -2.89589 -2.98843 
3 -0.697751 -3.9714 
3 0.022818 -4.10811 
3 -0.342852 -4.06939 
3 -0.565864 -4.08906 
3 -0.142529 -4.17737 
3 -0.674719 -4.07702 
3 -0.795294 -4.04841 
3 -0.808158 -4.06832 
3 0.532669 -4.11731 
3 0.049536 -4.13681 
3 0.403053 -4.07168 
3 0.264726 -4.03375 
3 0.251265 -4.14211 
3 0.860844 -4.1008 
3 0.884249 -3.9373 
3 0.802417 -3.99703 
3 1.14434 -4.03884 
3 0.388695 -4.1762 
3 0.395507 -4.04309 
3 0.322605 -4.13355 
3 1.2274 -3.92292 
3 -4.0258 0.91473 
3 -3.9498 0.682716 
3 -4.05592 0.810139 
3 -4.0367 0.774657 
3 -3.98619 0.810675 
3 -3.99111 0.877067 
3 -4.08194 0.586759 
3 4.03078 0.564806 
3 4.05899 0.083292 
3 4.01842 1.04778 
3 3.87826 1.11369 
3 3.97012 1.06037 
3 3.89708 1.10635 
3 4.00751 1.05727 
3 3.99317 0.955982 
3 4.08577 0.193026 
3 4.0354 0.385886 
3 3.86737 1.09654 
3 4.01814 1.14893 
3 4.07556 0.542119 
3 4.16812 0.331384 
3 3.92653 0.811516 
3 4.06967 -0.026641 
3 3.94142 0.958547 
3 -4.10901 -0.29378 
3 -4.11498 -0.526363 
3 -4.01516 -0.541572 
3 -4.13829 -0.316753 
3 -4.17537 0.3671 
3 -4.18048 -0.117021 
3 -4.14464 -0.358506 
3 -4.11456 0.295897 
3 -4.18799 -0.097026 
3 -4.01597 -0.514786 
3 -4.01046 -0.220606 
3 -4.07115 -0.40185 
3 -4.14081 -0.022597 
3 -4.03692 -0.253159 
3 -4.11615 -0.390199 
3 -4.07272 0.207437 
3 4.03216 -0.516958 
3 4.16559 -0.424916 
3 4.03736 -0.585962 
3 -3.53927 -2.05083 
3 -3.48461 -2.1825 
3 -3.28049 -2.44062 
3 -3.48071 -2.12373 
3 -3.35369 -2.31594 
3 -3.23315 -2.60895 
3 -3.46743 -2.34064 
3 -3.37075 -2.27305 
3 2.04559 3.53539 
3 2.06356 3.64057 
3 2.54628 3.25261 
3 1.56945 3.72891 
3 2.46454 3.38224 
3 1.40129 3.7652 
3 2.43459 3.17922 
3 1.75767 3.64841 
3 2.22398 3.34567 
3 2.39294 3.22198 
3 1.57974 3.84486 
3 2.16432 3.41557 
3 1.9637 3.52656 
3 2.6523 3.241 
3 1.55364 3.81228 
3 2.53599 3.27731 
3 1.7877 3.6269 
3 2.12524 3.41834 
3 2.66432 3.20608 
3 2.0872 3.46759 
3 2.12285 3.50524 
3 2.38829 3.26099 
3 2.18606 3.37402 
3 2.45526 3.17162 
3 2.65867 3.12147 
3 2.63575 3.19608 
3 1.4986 3.8269 
3 2.24697 3.42762 
3 2.64728 3.24885 
3 2.35515 3.30255 
3 1.93661 3.66614 
3 -3.99624 0.480093 
3 -4.00036 0.554826 
3 -4.10003 0.490712 
3 0.828315 4.06521 
3 1.10655 4.02971 
3 0.802894 4.08475 
3 0.96206 4.03691 
3 2.88566 3.03985 
3 2.90923 2.98014 
3 3.20985 2.44124 
3 2.92306 2.96254 
3 3.25973 2.627 
3 3.02995 2.70764 
3 2.76115 3.00948 
3 3.07174 2.73833 
3 3.0227 2.91493 
3 3.05384 2.79345 
3 2.81606 3.09509 
3 2.94153 2.92928 
3 2.97888 2.79202 
3 2.9059 2.85164 
3 3.08786 2.74643 
3 3.15015 2.53915 
3 3.7603 1.42062 
3 3.83401 1.54391 
3 3.81185 1.6725 
3 3.87861 1.35091 
3 3.75857 1.55793 
3 3.8919 1.36677 
3 3.82225 1.67021 
3 1.25326 3.89604 
3 1.32274 3.89712 
3 1.38057 3.89294 
3 1.34055 3.81698 
3 1.19938 4.00118 
3 1.25814 4.00468 
3 1.29407 3.87217 
3 3.14677 -2.68457 
3 3.42998 -2.42286 
3 3.14557 -2.59011 
3 3.46305 -2.07306 
3 3.47255 -2.14596 
3 3.50894 -2.15283 
3 3.0028 -2.69589 
3 3.05115 -2.83645 
3 2.98287 -2.71945 
3 2.59581 -3.06931 
3 3.48981 2.02087 
3 3.66345 1.79178 
3 3.69629 1.82211 
3 3.63917 1.76535 
3 3.57967 1.80502 
3 3.60772 2.03529 
3 3.52158 2.04687 
3 3.29232 2.33416 
3 4.05782 -0.823513 
3 3.95563 -1.32125 
3 3.93443 -1.15738 
3 4.03013 -0.97691 
3 3.92214 -1.27267 
3 3.89307 -1.46735 
3 3.95506 -1.21257 
3 3.91959 -1.22591 
3 4.0377 -1.14486 
3 3.98924 -0.970386 
3 3.9458 -1.1213 
3 4.05707 -1.08446 
3 1.35309 -3.77196 
3 2.01011 -3.49999 
3 1.34556 -3.81447 
3 1.48978 -3.88504 
3 1.72003 -3.80849 
3 1.71897 -3.81619 
3 1.74063 -3.67291 
3 1.94854 -3.71448 
3 2.47684 -3.3463 
3 2.10491 -3.53497 
3 2.51218 -3.30338 
3 2.28558 -3.37751 
3 2.53288 -3.30837 
3 3.52699 -1.9049 
3 3.72339 -1.63384 
3 3.75348 -1.69419 
3 3.77735 -1.67503 
3 3.79494 -1.59793 
3 3.57934 -2.05464 
3 3.51999 -1.95908 
3 3.48275 -1.97473 
4 0.094742 -1.02817 
4 0.562632 -1.0508 
4 0.643952 -0.800964 
4 0.958256 -0.429769 
