-0.999035 0.430263 
-0.600540 0.893196 
0.825482 0.805125 
-0.600149 0.991562 
-0.766657 -0.698844 
0.631557 0.898130 
1.071704 -0.193976 
-0.327852 -1.080624 
-0.301262 1.101415 
-0.251856 1.123043 
0.882360 0.578705 
-0.208697 1.116605 
-0.300728 1.090306 
0.094742 -1.028166 
-0.973132 0.318087 
0.855561 0.690866 
0.562632 -1.050803 
-0.539441 0.921842 
-1.078003 0.292778 
-0.263048 1.011105 
-0.954351 -0.642104 
0.233857 1.024672 
-0.894410 0.642381 
-0.459283 1.043186 
-1.062029 -0.510101 
-1.190449 0.057940 
-1.108410 -0.047858 
0.643952 -0.800964 
-0.853511 -0.576306 
0.925189 0.499680 
-1.123879 -0.318522 
0.208785 1.029907 
1.146259 -0.195774 
0.299983 1.004884 
0.679625 0.971780 
-0.958036 0.476508 
-0.977496 -0.353110 
0.958256 -0.429769 
-0.345600 1.068718 
0.235073 1.069119 
1.693521 -1.257602 
-1.799357 1.001440 
-1.096966 -1.847864 
-0.626345 -1.939145 
-1.062543 1.854532 
1.985282 -0.454765 
-2.071575 0.093783 
-2.124540 0.049788 
1.471506 -1.575818 
-0.833418 -1.835914 
1.002807 1.942276 
0.716637 2.032504 
-0.403325 -2.058213 
-2.052220 0.380364 
-0.841687 1.912322 
1.501769 1.411922 
-0.880781 -1.908239 
0.401808 -2.063396 
0.161644 2.157479 
1.843491 -1.123689 
1.812931 1.115949 
-1.995886 0.570142 
2.004335 -0.811327 
-0.375643 -2.072802 
1.786142 1.046518 
-1.307898 -1.753817 
2.167968 -0.177084 
-1.738274 -1.196091 
-1.971422 -0.791818 
-2.117266 -0.024591 
0.624262 -1.943764 
1.035591 1.781061 
2.075941 0.275820 
-1.059890 1.750186 
1.773497 1.248467 
-1.811945 0.934979 
-0.487958 -1.986121 
-0.049397 2.033542 
0.964830 1.803693 
0.735564 -1.953228 
1.280803 1.616261 
-0.518033 2.122369 
0.060732 2.085157 
-2.012064 0.317519 
-1.988857 0.895045 
-1.613053 1.490052 
1.056387 1.800791 
1.190866 -1.634389 
2.047669 -0.127155 
-1.979579 0.644146 
0.885150 -1.925249 
-1.092693 1.737395 
1.929097 0.880566 
2.134192 -0.185556 
1.619587 1.247519 
1.526787 1.327933 
-1.507445 1.403022 
-0.990863 -1.810325 
-0.642507 -1.983359 
1.660201 1.288540 
-1.608996 1.216486 
-1.424233 -1.477938 
1.740012 -1.280170 
-0.166792 -1.998897 
1.264593 -1.782807 
0.985890 1.906206 
2.093513 0.132820 
1.480144 1.511747 
1.873438 0.826019 
2.087603 0.131966 
1.089138 -1.902985 
0.647471 2.007532 
-1.207603 1.723214 
-0.695740 1.924414 
0.120352 -2.094324 
0.143375 -2.119969 
1.819552 -1.118476 
-1.221497 1.682443 
1.518208 -1.412231 
1.413557 1.682643 
-1.971390 0.379300 
1.390444 -1.675154 
2.179684 0.113894 
1.225849 -1.777525 
1.150483 1.660045 
1.513420 1.386290 
-0.736115 1.931559 
-0.581273 2.055331 
-0.922746 -1.805139 
0.786587 1.994761 
2.012117 0.193009 
1.698621 -1.286386 
-1.892325 0.907863 
0.208319 2.145722 
0.572282 2.065181 
1.904295 1.062687 
-1.755046 -1.290079 
-2.053218 -0.236837 
-1.713108 -1.282103 
0.618991 -1.943364 
0.581875 2.994957 
-3.042698 -0.113340 
-0.000442 -3.133567 
0.398704 -3.143696 
-1.729401 2.535207 
-2.009738 -2.433505 
-2.112362 -2.316585 
-2.319264 1.905013 
-2.932692 1.066033 
-1.426666 -2.726671 
2.904644 1.302226 
2.994229 0.189665 
-2.022972 2.339034 
0.552784 3.034939 
0.196072 -3.085961 
2.743876 1.555334 
-0.409273 3.037042 
-3.070619 -0.733223 
-0.009169 -3.094258 
0.543271 -2.957672 
1.110561 2.824702 
-2.861463 -1.303448 
0.815316 2.985366 
1.315194 2.730286 
-0.416085 -3.039881 
1.782490 2.562490 
-2.764043 1.261598 
-2.868427 1.296167 
-3.002976 -0.525278 
2.573910 1.873382 
-2.574353 -1.642705 
-0.367556 -3.131604 
-0.513350 2.994042 
-2.462132 -1.812791 
-2.868557 0.938642 
0.891699 -2.984896 
1.292734 -2.857893 
-2.767635 1.417061 
1.544864 2.670491 
2.323081 2.096006 
2.773898 1.448932 
1.984565 -2.427914 
-2.727186 1.530219 
-3.011444 1.049355 
1.128124 2.824855 
1.858571 -2.533175 
-0.512134 -3.003902 
1.509754 -2.620017 
-2.602026 -1.724232 
-2.225416 -2.143780 
2.984795 -0.806157 
1.304231 -2.847954 
0.306432 3.139136 
-0.306892 3.054666 
2.717664 1.557641 
1.908298 2.421718 
2.276551 -2.203630 
2.999821 1.014063 
0.197568 -3.044885 
2.641889 -1.664822 
-0.932622 2.973630 
-1.491676 2.726809 
1.031449 3.001719 
-3.044076 -0.232684 
3.041535 -0.367150 
1.409308 -2.675346 
-0.944489 -3.044843 
-1.101702 2.928751 
1.529760 -2.691539 
-0.332440 3.110147 
2.947875 -0.987706 
-2.982901 -0.946487 
-2.689073 -1.559931 
-0.765206 -3.049674 
-2.940926 -0.994420 
-2.768795 -1.601785 
2.738658 1.328186 
2.176358 2.095440 
-0.017461 3.021889 
2.650223 1.432756 
0.626682 3.016507 
-1.159009 -2.864051 
-2.077308 2.264757 
-2.754826 -1.533120 
2.909212 1.142687 
2.314102 -2.143629 
0.778382 -3.090041 
-0.367745 3.173311 
2.527984 1.685587 
-2.386303 1.863593 
-2.477647 -1.927738 
2.117458 -2.151583 
2.893617 1.126282 
1.353269 -2.795769 
0.357569 -3.152011 
2.128682 2.249431 
-1.641593 -2.604517 
3.099271 0.467196 
2.087622 -2.356549 
-1.546142 -2.691529 
3.069345 -0.034833 
2.932709 -0.761653 
-2.091993 -2.310977 
3.038371 -0.292622 
-2.686274 1.355491 
-0.342556 3.132311 
-3.025112 -0.377357 
2.566608 -1.717916 
-1.581328 -2.709922 
1.924698 2.394112 
-1.747572 2.617496 
-2.112559 2.239861 
-2.856666 1.295469 
3.133677 -0.211549 
-1.725626 -2.561407 
0.423491 2.973914 
1.387560 -2.734243 
2.848414 -1.184444 
2.593777 1.612317 
2.740026 1.315399 
1.473910 -2.800119 
1.722201 2.560727 
-1.843794 -2.587910 
0.559235 -3.027011 
-2.973691 -1.050601 
-2.927973 -0.953638 
-2.417426 -2.037748 
0.660370 3.081040 
1.288564 2.792521 
2.756823 -1.288804 
-0.608603 -3.098884 
-2.632011 -1.802145 
1.681117 -2.563438 
-2.836114 1.334165 
-3.026910 -0.609825 
-0.619757 3.105461 
-0.616901 -3.092847 
2.701563 -1.379631 
1.954279 2.498978 
-2.053271 -2.451758 
-3.052213 0.558468 
1.469709 -2.816446 
1.684090 2.623605 
3.014733 -0.313124 
2.499791 1.729878 
3.023104 -0.596502 
1.157930 -2.929175 
-0.537175 -3.119200 
0.834757 -3.045669 
-2.161302 2.171419 
-0.351634 -3.086849 
-1.046844 2.830615 
-2.300783 -1.959832 
-0.795253 2.920936 
3.130387 0.182989 
-2.771113 -1.387426 
2.946889 -0.738198 
-2.732461 -1.462007 
-2.851323 -1.023697 
1.247558 2.740381 
-3.384837 2.482461 
-1.498223 -3.745555 
-1.734074 3.661709 
-3.852456 -1.341552 
-1.995539 -3.483738 
-3.792473 1.652399 
-2.811655 2.957177 
-0.292140 4.186386 
0.013393 4.080415 
-3.086031 2.735854 
-2.619123 -3.064007 
-0.257224 4.068145 
-0.697751 -3.971397 
0.532669 -4.117309 
-3.958857 1.323473 
4.030776 0.564806 
0.049536 -4.136811 
-2.368098 3.296394 
-1.856350 -3.662545 
-3.443394 2.345768 
-4.109009 -0.293780 
-2.091974 -3.487785 
4.058990 0.083292 
-3.539270 -2.050831 
2.045586 3.535386 
-2.896594 -2.861867 
-3.484607 -2.182498 
-4.114981 -0.526363 
-2.588889 3.159714 
-0.453381 4.060639 
-3.996240 0.480093 
-1.961185 -3.491829 
-1.766649 3.653302 
-1.959630 -3.559764 
0.439942 4.107243 
2.885662 3.039849 
-3.180328 2.723547 
0.403053 -4.071677 
-3.350163 2.272330 
4.018424 1.047782 
-1.339711 -3.929779 
-3.021775 -2.841805 
0.828315 4.065208 
-2.653821 -3.021118 
3.146770 -2.684570 
1.253262 3.896041 
0.264726 -4.033755 
3.760301 1.420619 
2.909228 2.980141 
3.878264 1.113693 
3.209851 2.441237 
3.834014 1.543909 
1.106553 4.029710 
-3.081312 -2.709739 
4.057820 -0.823513 
-0.967937 -3.912772 
-3.944393 -1.415506 
0.022818 -4.108113 
-0.922533 -4.031748 
1.353089 -3.771963 
2.923057 2.962542 
0.251265 -4.142110 
-3.210383 2.426174 
-2.922176 2.883052 
4.032163 -0.516958 
3.970123 1.060369 
-1.619794 -3.744441 
-3.151113 -2.596445 
2.010112 -3.499991 
3.897078 1.106349 
-1.286686 3.791743 
2.063562 3.640566 
2.546283 3.252607 
3.259729 2.627002 
3.489807 2.020875 
-2.882615 -3.032857 
-1.858013 -3.720820 
1.322744 3.897116 
-1.712618 3.711973 
-4.015163 -0.541572 
-4.138285 -0.316753 
1.569453 3.728912 
-3.084852 2.566428 
-1.663776 3.805670 
-0.404624 4.114392 
-3.209806 2.619531 
-4.025799 0.914730 
-0.342852 -4.069392 
3.663448 1.791781 
2.476837 -3.346303 
3.029952 2.707639 
0.802894 4.084748 
-1.551419 3.857528 
3.955627 -1.321246 
3.934427 -1.157381 
3.579338 -2.054643 
0.860844 -4.100798 
-3.280486 -2.440622 
0.633296 3.961705 
-3.492334 2.284830 
-1.495621 -3.845641 
-3.230792 2.476923 
3.429976 -2.422856 
1.345561 -3.814466 
1.380567 3.892940 
3.696288 1.822109 
-3.480714 -2.123728 
3.519990 -1.959076 
-2.384809 3.217597 
2.761145 3.009477 
-0.293509 4.026136 
-1.030407 -4.015043 
-3.925715 -1.089415 
-0.013315 4.168291 
4.030134 -0.976910 
2.104915 -3.534971 
0.884249 -3.937299 
-4.175370 0.367100 
-3.686562 1.684219 
2.464542 3.382241 
3.639171 1.765352 
3.145570 -2.590111 
1.401288 3.765196 
-0.565864 -4.089055 
3.463052 -2.073056 
3.579674 1.805021 
4.007514 1.057274 
-2.284143 3.367999 
-3.686349 -1.866890 
0.802417 -3.997025 
-2.163669 3.512554 
2.434585 3.179222 
-4.180476 -0.117021 
-4.144635 -0.358506 
-1.572425 -3.839673 
3.811846 1.672500 
-2.338049 -3.339565 
3.922144 -1.272665 
3.071738 2.738333 
3.993172 0.955982 
-2.486521 3.203179 
1.757666 3.648409 
4.085771 0.193026 
1.340547 3.816982 
1.489778 -3.885044 
0.349897 4.182611 
-2.411491 3.198865 
3.878607 1.350906 
2.223985 3.345671 
3.893067 -1.467348 
1.144342 -4.038843 
2.392938 3.221978 
-0.121294 4.186123 
3.482747 -1.974732 
3.955063 -1.212570 
1.579738 3.844863 
3.919589 -1.225908 
1.199380 4.001177 
-0.142529 -4.177370 
-4.114562 0.295897 
-2.954444 -2.737263 
2.164323 3.415565 
1.963702 3.526560 
-3.949795 0.682716 
-2.257539 3.327925 
-0.868392 -4.030807 
2.652303 3.240998 
-3.617751 1.866556 
3.472550 -2.145961 
4.037699 -1.144860 
-4.187992 -0.097026 
0.268388 4.126610 
1.258141 4.004677 
-3.613113 -2.048382 
-2.461850 -3.237676 
-0.674719 -4.077023 
-4.015974 -0.514786 
-3.913573 -1.077150 
-4.055917 0.810139 
3.989242 -0.970386 
-3.819071 -1.442229 
-1.436378 -3.862068 
2.512178 -3.303381 
1.553639 3.812280 
-4.036701 0.774657 
3.508942 -2.152826 
-2.572327 -3.195704 
-4.010456 -0.220606 
2.535990 3.277313 
3.022701 2.914931 
-1.246787 -3.875281 
0.388695 -4.176202 
-2.584480 3.143180 
-3.981205 1.264878 
-4.071154 -0.401850 
1.294068 3.872171 
1.787700 3.626899 
2.125237 3.418340 
-3.875783 1.215066 
-1.452844 3.882280 
-3.801269 -1.681507 
3.053844 2.793447 
-3.943335 -0.682491 
2.664320 3.206085 
2.816059 3.095088 
-3.212771 -2.633515 
3.526994 -1.904900 
-3.353687 -2.315945 
-4.140806 -0.022597 
-2.069621 -3.592378 
-4.036925 -0.253159 
4.035403 0.385886 
-4.116153 -0.390199 
-0.752286 4.025813 
-3.060706 2.765066 
2.087198 3.467586 
3.002805 -2.695889 
3.051149 -2.836451 
-3.812083 -1.648826 
-2.416983 -3.418814 
-3.899198 0.984551 
2.982869 -2.719446 
3.867369 1.096540 
2.122848 3.505244 
-4.000357 0.554826 
4.018144 1.148934 
2.595813 -3.069315 
-1.281325 -3.798546 
4.075562 0.542119 
-3.233148 -2.608950 
0.395507 -4.043089 
3.292315 2.334162 
-3.986193 0.810675 
2.388286 3.260995 
3.945800 -1.121302 
4.168120 0.331384 
-0.795294 -4.048408 
2.186057 3.374022 
2.285583 -3.377512 
2.455260 3.171625 
2.658669 3.121471 
-3.991110 0.877067 
4.057074 -1.084458 
-2.520702 -3.312246 
-0.908260 3.995190 
1.720032 -3.808491 
-3.787277 -1.370169 
-4.072722 0.207437 
1.718970 -3.816191 
-3.467432 -2.340636 
2.635750 3.196077 
-1.667145 3.771639 
3.758566 1.557933 
4.165589 -0.424916 
-3.844560 1.191479 
0.322605 -4.133547 
-4.100034 0.490712 
2.532881 -3.308372 
4.037356 -0.585962 
0.962060 4.036910 
-3.692383 -1.931466 
1.740634 -3.672913 
1.227404 -3.922919 
-2.671618 -3.235338 
1.498604 3.826898 
3.723386 -1.633842 
-4.081938 0.586759 
-3.843650 -1.344832 
2.941534 2.929281 
2.978877 2.792022 
2.246974 3.427617 
0.203291 4.133953 
1.948545 -3.714484 
-3.370746 -2.273054 
-4.107391 -0.705623 
-0.808158 -4.068322 
2.647282 3.248845 
-2.950786 -2.709977 
2.905898 2.851638 
3.087864 2.746435 
2.355152 3.302549 
3.150153 2.539148 
3.607716 2.035294 
3.891898 1.366767 
3.753485 -1.694189 
3.777355 -1.675033 
3.926528 0.811516 
4.069670 -0.026641 
-2.548929 3.198946 
-3.874592 -1.172734 
-1.421453 -3.891529 
3.822253 1.670209 
3.941417 0.958547 
1.936607 3.666144 
-2.076262 3.451133 
-4.014172 -1.119457 
-1.430536 -3.765116 
3.794943 -1.597932 
3.521581 2.046871 
-2.895887 -2.988426 
