0 0.967947 0.111183 
0 1.1009 0.150219 
0 0.897687 0.0467284 
0 1.02737 0.141884 
0 1.04376 0.0854224 
0 0.922752 0.0763421 
0 1.00427 0.0428965 
0 0.975016 0.0673422 
0 1.01107 0.0485181 
0 1.07705 0.108363 
0 0.823047 0.106046 
0 0.838999 -0.037295 
0 1.04186 -0.107988 
0 1.05006 -0.145039 
0 0.969036 -0.137932 
0 1.06024 -0.12838 
0 1.16836 -0.152196 
0 1.02659 -0.174422 
1 -0.959526 -0.395914 
1 -0.824012 -0.318174 
1 -0.952397 -0.414787 
1 -1.00426 -0.491732 
1 -0.91328 -0.410762 
1 -0.991073 -0.251914 
1 -0.841214 -0.386624 
1 -0.935638 -0.340882 
1 -0.955086 -0.359675 
1 -1.04957 0.0695344 
1 -1.17887 0.0889714 
1 -1.13915 0.0687534 
1 -0.98342 -0.0196825 
1 -0.957151 0.197053 
1 -0.98533 -0.0502008 
1 -1.00823 -0.0498899 
1 -0.942849 0.160204 
1 -0.932507 0.101292 
1 0.887308 -0.336977 
1 0.871505 -0.486215 
1 0.942974 -0.313028 
1 0.842368 -0.215873 
1 0.810023 -0.386456 
1 0.861515 -0.280026 
1 0.928425 -0.460252 
1 0.913355 -0.404977 
1 0.748745 -0.388144 
1 0.963169 -0.370984 
1 0.763375 -0.490817 
1 0.809745 -0.633747 
1 0.766755 -0.517285 
1 0.785493 -0.615697 
1 0.773299 -0.538893 
1 -0.116799 -1.04071 
1 -0.159418 -0.893482 
1 -0.252955 -1.01944 
1 -0.0959816 -1.0412 
1 -0.167548 -1.08475 
1 -0.0733521 -0.978115 
1 -0.17869 -0.999573 
1 0.0207496 -0.992674 
1 0.477765 -0.897563 
1 0.574039 -0.853857 
1 0.36186 -0.888972 
1 0.587376 -0.816923 
1 0.579255 -0.871562 
1 0.575247 -0.903036 
1 0.605675 -0.973334 
1 0.445591 -1.00639 
1 0.401683 -0.988543 
1 0.539482 -0.977588 
1 0.33808 -0.948222 
1 0.537915 -0.961612 
1 -0.95755 0.469708 
1 -0.84074 0.559352 
1 -0.891439 0.373106 
1 -1.05788 0.380663 
1 -0.916285 0.453722 
1 -0.980802 0.430344 
1 -0.981683 0.325667 
1 -0.867393 0.415047 
1 -0.850536 0.504509 
1 -0.874739 0.507692 
1 -0.873972 0.424314 
1 1.09545 -0.337457 
1 -0.795905 0.513305 
1 -0.870167 0.646216 
1 -0.741476 0.632028 
1 -0.676674 0.554545 
1 -0.770871 0.600173 
1 -0.848482 0.692973 
1 -0.919616 0.632172 
1 -0.291467 -0.893486 
1 -0.277071 -0.802082 
1 -0.394392 -0.852915 
1 -0.260047 -0.823024 
1 -0.244691 -0.808545 
1 -0.291675 -0.92361 
1 -0.152942 -0.825684 
1 -0.324692 -0.957511 
1 -0.812581 -0.65265 
1 -0.706472 -0.671454 
1 -0.809559 -0.687942 
1 -0.831176 -0.633465 
1 -0.940095 -0.693843 
1 -0.83832 -0.747363 
1 -0.700634 -0.727925 
1 -0.776276 -0.588292 
1 -0.8674 -0.541604 
1 -0.813233 -0.667931 
1 -0.87778 -0.641028 
1 -0.710365 -0.644534 
1 -0.739204 -0.751638 
1 0.743261 -0.678588 
1 0.690941 -0.646584 
1 0.783458 -0.721785 
1 0.709825 -0.650753 
1 0.686978 -0.813623 
1 0.655858 -0.732683 
1 -0.93831 0.303327 
1 -0.87195 0.244712 
1 -1.05702 -0.0923573 
1 -1.13436 -0.105512 
1 -0.966295 -0.195153 
1 -1.03595 -0.0976308 
1 -1.09405 -0.221969 
1 0.241663 -1.03865 
1 0.234506 -0.887829 
1 0.223825 -0.939441 
1 0.26402 -1.03584 
1 0.103736 -0.992014 
1 0.145943 -0.952977 
1 0.193662 -0.999308 
1 -0.574717 -0.83981 
1 -0.46674 -0.72872 
1 -0.671235 -0.752478 
1 -0.46325 -0.85146 
1 -0.527328 -0.876112 
1 -0.562401 -0.833156 
1 -0.454908 -0.746677 
1 -0.458633 -0.843288 
1 -0.531544 -0.952332 
1 -0.595434 -0.745996 
1 -0.603678 -0.907737 
1 -0.587846 -0.842164 
1 0.728687 -0.309625 
1 0.58266 -0.730487 
1 0.555815 -0.710994 
1 0.313972 -0.811342 
1 0.14178 -0.86169 
1 0.233494 -0.748375 
1 -0.0349739 -0.816209 
1 -0.902626 -0.212284 
1 -0.941339 -0.205847 
1 -0.825565 -0.0235665 
1 -0.284399 -1.12022 
1 0.00516378 -0.923203 
1 0.0282484 -0.948129 
1 0.0337079 -0.977717 
1 0.0312297 -0.969809 
1 -1.07303 0.347066 
1 -1.05042 0.265935 
1 -0.687388 0.664548 
1 0.594508 -1.05129 
1 -0.72855 -0.458878 
2 0.816627 0.462235 
2 0.788562 0.353733 
2 0.911884 0.455499 
2 0.78435 0.350637 
2 0.908324 0.336427 
2 0.798588 0.508352 
2 0.952442 0.434009 
2 0.92791 0.360859 
2 0.920445 0.293503 
2 0.821543 0.283855 
2 0.917428 0.315116 
2 0.986416 0.318585 
2 0.956314 0.334981 
2 0.981393 0.540312 
3 -0.486336 0.945996 
3 -0.333586 0.94407 
3 -0.537065 0.894516 
3 -0.538663 0.839707 
3 -0.569173 0.885173 
3 -0.476142 0.883604 
3 -0.602733 0.868438 
3 -0.370982 0.914524 
3 -0.365097 0.885106 
3 -0.380673 0.863927 
3 -0.332593 0.974234 
3 -0.416578 0.92207 
3 -0.257313 0.819051 
3 -0.327669 0.830758 
3 -0.298981 1.02269 
3 -0.318924 0.828401 
3 -0.165 0.875684 
3 -0.132462 0.806318 
3 -0.597647 0.809789 
3 -0.654019 0.815076 
3 -0.459867 0.71683 
3 -0.693685 0.855319 
3 -0.583051 0.740025 
3 -0.781494 0.804084 
4 0.259578 0.472748 
4 0.128119 0.447672 
4 0.233067 0.511383 
4 0.260839 0.424949 
4 0.213656 0.369819 
4 0.195833 0.526037 
4 0.262843 0.350999 
4 0.237649 0.514639 
4 0.114038 0.482686 
4 0.193875 0.4713 
4 0.10992 0.434433 
4 0.177571 0.518918 
4 0.320556 0.432808 
4 0.283755 0.524073 
4 0.371227 0.460879 
4 0.183762 0.346252 
4 0.24276 0.48285 
4 0.27935 0.444392 
4 0.207246 0.478297 
4 0.401511 0.542663 
4 0.201247 0.548234 
4 -0.558957 0.0498099 
4 -0.49372 0.181705 
4 -0.624113 0.112431 
4 -0.459856 0.0924826 
4 -0.489702 0.0547619 
4 -0.583287 0.019972 
4 -0.564615 -0.0693797 
4 -0.432919 -0.039092 
4 -0.667641 0.0795824 
4 -0.521918 0.0256256 
4 -0.572599 0.131425 
4 -0.47573 -0.016624 
4 -0.534665 0.00060071 
4 -0.552579 0.0134354 
4 -0.605198 0.0162327 
4 -0.5583 0.109592 
4 -0.619321 0.10211 
4 -0.475328 0.0829157 
4 -0.418554 0.106481 
4 -0.517054 -0.0538265 
4 -0.238001 -0.38813 
4 -0.181247 -0.320523 
4 -0.164674 -0.514812 
4 -0.167795 -0.336957 
4 -0.372504 -0.43088 
4 -0.309199 -0.329176 
4 -0.21822 -0.315862 
4 -0.184824 -0.319517 
4 -0.318306 -0.359709 
4 -0.163848 -0.473325 
4 -0.240982 -0.484073 
4 -0.183817 -0.391329 
4 -0.327541 -0.291175 
4 -0.185899 -0.288093 
4 -0.118739 -0.47814 
4 -0.309693 -0.26675 
4 -0.173996 -0.4144 
4 -0.304272 -0.473432 
4 -0.145683 -0.377864 
4 -0.152959 -0.49654 
4 0.410267 0.814577 
4 0.434103 0.814908 
4 0.472302 0.778585 
4 0.349579 0.85501 
4 0.41145 0.930264 
4 0.415338 0.863931 
4 0.465935 0.839341 
4 0.303764 0.871436 
4 0.0753626 0.524661 
4 -0.0110362 0.470918 
4 0.0396313 0.369743 
4 0.0403502 0.521375 
4 0.0901461 0.527278 
4 0.0470922 0.542508 
4 0.0479983 0.423142 
4 -0.0115211 0.4818 
4 0.097187 0.600877 
4 -0.0112472 0.454164 
4 -0.0791682 -0.294636 
4 -0.396001 -0.108211 
4 -0.35664 0.0272879 
4 -0.522601 -0.198858 
4 -0.418259 -0.200854 
4 -0.405556 -0.19967 
4 -0.307632 -0.205334 
4 -0.242201 -0.126395 
4 -0.439692 -0.103187 
4 -0.357243 -0.244449 
4 -0.477364 -0.239055 
4 -0.422948 -0.220593 
4 -0.406859 -0.0967266 
4 -0.377667 -0.235288 
4 -0.375423 -0.204508 
4 -0.267179 0.350254 
4 -0.355664 0.421328 
4 -0.367337 0.44352 
4 -0.214447 0.396627 
4 -0.23554 0.494801 
4 -0.179474 0.420679 
4 -0.286234 0.212202 
4 -0.221548 0.375089 
4 -0.227415 0.410594 
4 -0.35164 0.393299 
4 -0.393939 0.316469 
4 -0.340688 0.275549 
4 -0.391895 0.389311 
4 -0.121827 0.356672 
4 -0.380226 0.339514 
4 -0.365144 0.337959 
4 -0.294675 0.386144 
4 -0.0427006 0.469133 
4 -0.0718717 0.558887 
4 -0.0355124 0.472001 
4 -0.043811 0.488867 
4 -0.070044 0.463978 
4 -0.0706857 0.497959 
4 -0.082043 0.523051 
4 0.161199 -0.448386 
4 0.0953193 -0.353486 
4 0.114767 -0.384536 
4 0.282045 -0.443194 
4 0.132952 -0.521775 
4 0.313559 -0.44118 
4 0.228949 -0.46553 
4 0.0270022 -0.417872 
4 0.0594465 -0.492162 
4 0.0888861 -0.496556 
4 0.206893 -0.426282 
4 0.287755 -0.471218 
4 0.131599 -0.52046 
4 0.274098 -0.348217 
4 0.302908 -0.41759 
4 0.150611 -0.407598 
4 0.281109 -0.395757 
4 0.110585 -0.433296 
4 0.18796 -0.510257 
4 -0.555881 0.260791 
4 -0.632642 0.268891 
4 -0.515709 0.389572 
4 -0.533027 0.222932 
4 -0.592569 0.285142 
4 -0.46661 0.238005 
4 -0.44907 0.240191 
4 -0.518884 0.274742 
4 -0.476463 0.307897 
4 -0.457709 0.277435 
4 0.348068 -0.529761 
4 0.330967 -0.413337 
4 0.437415 -0.451243 
4 0.322645 -0.506334 
4 0.436429 -0.437647 
4 0.334815 -0.411716 
4 0.291494 0.0245263 
4 0.350388 -0.0302131 
4 0.392913 -0.0397413 
4 0.22872 0.062652 
4 0.433362 0.0515471 
4 0.357257 0.00390138 
4 0.376994 -0.0940578 
4 0.420801 -0.052963 
4 0.388651 0.106432 
4 0.440785 0.0438737 
4 0.358935 0.133663 
4 -0.409825 -0.459859 
4 -0.405118 -0.396824 
4 -0.399847 -0.329423 
4 -0.281591 -0.548596 
4 -0.388637 -0.329389 
4 -0.408471 -0.308495 
4 -0.463573 -0.388441 
4 -0.479731 -0.36069 
4 -0.436374 -0.388074 
4 -0.412136 -0.307374 
4 -0.472283 -0.302912 
4 -0.386636 -0.271433 
4 -0.531864 -0.200292 
4 -0.489723 -0.281572 
4 0.433148 -0.133717 
4 0.437042 -0.0818511 
4 0.405684 -0.132104 
4 0.458394 0.00474056 
4 0.569722 0.102885 
4 0.461498 0.137668 
4 0.541408 0.14571 
4 0.549277 0.0126209 
4 0.524467 0.0586832 
4 0.538291 0.208863 
4 0.568838 -0.0106954 
4 0.573283 0.0595872 
4 0.484935 0.0843924 
4 0.565942 0.125646 
4 0.483807 0.236436 
4 0.507972 0.09614 
4 -0.0348528 -0.449916 
4 -0.0537633 -0.483351 
4 -0.0976231 -0.489701 
4 -0.0339396 -0.565705 
4 -0.0816414 -0.608035 
4 -0.191867 0.598354 
4 -0.192087 0.537062 
4 -0.177396 0.566867 
4 -0.13026 0.62904 
4 -0.195449 0.526858 
4 0.367386 -0.313445 
4 0.30091 -0.34253 
4 0.431608 -0.234802 
4 0.33443 -0.211937 
4 0.432852 -0.283662 
4 0.454521 -0.409976 
4 0.460889 -0.188178 
4 0.451042 -0.293846 
4 0.320758 -0.285371 
4 0.0546591 0.982948 
4 0.0217666 1.00791 
4 -0.0139771 0.990258 
4 0.158684 1.07947 
4 0.185646 0.947253 
4 0.0864137 0.95788 
4 0.206629 0.99659 
4 -0.0104096 0.930073 
4 0.100551 0.929934 
4 -0.0190096 1.0601 
4 0.0533857 1.00208 
4 0.0855014 1.13318 
4 0.11973 0.884097 
4 0.587577 -0.113265 
4 0.548837 -0.150813 
4 0.520436 -0.196353 
4 0.567966 -0.142475 
4 0.580551 0.659952 
4 0.576911 0.698662 
4 0.719064 0.717343 
4 0.568563 0.753696 
4 0.629592 0.637477 
4 0.566644 0.749757 
4 0.53028 0.693833 
4 0.482251 0.625642 
4 0.687515 0.739558 
4 0.621098 0.690075 
4 -0.58496 -0.170195 
4 -0.101772 1.10111 
4 0.382016 0.274841 
4 0.400689 0.146357 
4 0.378873 0.196193 
4 0.449613 0.225352 
4 0.469954 0.264691 
4 0.392459 0.211092 
4 0.430164 0.187045 
4 0.455383 0.280783 
4 0.459512 0.275818 
4 0.076092 0.290205 
4 0.112034 0.261336 
4 0.53438 0.926454 
4 0.643524 0.955772 
4 0.611773 0.869433 
4 0.59722 0.916256 
4 0.466235 1.03951 
4 0.26401 0.638979 
4 -0.364221 0.483847 
4 -0.398704 0.468074 
4 0.391173 0.369877 
4 0.527073 0.421813 
4 0.489431 0.415138 
4 0.440724 0.341432 
4 0.304682 0.291032 
4 0.529839 0.415644 
4 -0.00973681 -0.473159 
4 -0.0123826 -0.445109 
4 0.00252919 -0.327612 
4 -0.65771 0.414361 
4 0.273084 0.235337 
4 0.564433 0.305104 
4 0.182014 -0.612419 
4 0.0028948 -0.559098 
4 -0.55321 0.443584 
4 -0.0309143 -0.606533 
4 0.231408 0.938924 
4 0.800445 0.641501 
4 0.815097 0.633261 
4 0.744281 0.782822 
4 0.215345 -0.246069 
4 0.208335 -0.217124 
4 0.23975 -0.201077 
4 0.219752 -0.186096 
4 0.57139 -0.398934 
4 0.526807 -0.370684 
4 -0.757164 0.0188582 
4 -0.00637457 0.792507 
4 0.438781 1.08324 
4 -0.15066 1.14215 
4 0.14419 -0.185572 
5 1.23252 0.261399 
5 0.268714 1.2596 
5 0.93166 0.729623 
5 1.01018 -0.681661 
5 -1.14375 -0.619532 
5 0.543458 -0.572054 
5 -1.28096 -0.120653 
