0 0.938704 -0.201476 
0 0.938309 -0.238153 
0 0.986825 -0.0963543 
0 0.805907 -0.173018 
0 0.802342 -0.25277 
0 0.95994 -0.169422 
0 0.919926 -0.194768 
0 0.873772 -0.253399 
0 0.965654 -0.0598122 
0 0.967396 -0.263634 
0 0.910022 -0.08526 
0 1.03313 -0.305021 
0 1.03558 -0.262582 
0 0.903864 -0.176664 
0 0.849905 -0.275932 
0 0.15789 -0.742664 
0 0.184079 -0.822751 
0 0.100899 -0.853835 
0 0.139088 -0.723993 
0 0.259636 -0.634818 
0 0.244031 -0.816766 
0 0.139366 -0.69373 
0 0.114623 -0.861249 
0 -0.568631 0.0744772 
0 -0.598715 0.146332 
0 -0.568982 0.139705 
0 -0.459148 0.126013 
0 -0.547413 0.0228724 
0 -0.541555 -0.00139143 
0 -0.468273 0.0271916 
0 -0.600409 -0.0767455 
0 -0.562702 0.0813631 
0 -0.47125 0.0261542 
0 -0.450638 0.0601661 
0 -0.552547 0.198373 
0 -0.442131 0.10686 
0 -0.520054 0.177747 
0 -0.450837 0.117885 
0 -0.603773 0.0875087 
0 -0.603324 0.0914345 
0 0.566864 -0.821502 
0 0.632967 -0.829973 
0 0.607397 -0.746399 
0 0.626203 -0.931818 
0 0.446266 -0.901482 
0 0.579739 -0.864113 
0 0.590365 -0.925493 
0 0.62939 -0.7495 
0 0.621452 -0.912903 
0 0.482396 -0.897123 
0 -0.485215 0.367284 
0 -0.543086 0.347297 
0 -0.332026 0.362415 
0 -0.424977 0.290265 
0 -0.518954 0.234481 
0 -0.421046 0.29729 
0 -0.445274 0.362849 
0 -0.552825 0.388145 
0 -0.430846 0.277152 
0 -0.488497 0.378435 
0 -0.422699 0.359958 
0 -0.560549 0.36556 
0 0.179919 -0.952885 
0 0.0969865 -0.944985 
0 0.105738 -1.03819 
0 0.272147 -0.96151 
0 0.326199 -0.992562 
0 0.0680663 -1.01075 
0 0.267692 -1.06835 
0 0.276838 -1.01857 
0 -0.020607 0.645847 
0 0.0431889 0.528203 
0 -0.136324 0.618263 
0 -0.0641801 0.711712 
0 0.00888089 0.523207 
0 0.105335 0.568041 
0 0.0221749 0.584757 
0 -0.0631451 0.571671 
0 0.00965071 0.686061 
0 -0.0797234 0.513934 
0 -0.248178 0.309831 
0 -0.218011 0.384234 
0 -0.194705 0.442981 
0 -0.158702 0.354186 
0 -0.251004 0.158468 
0 -0.247942 0.429644 
0 -0.269769 0.337362 
0 -0.140596 0.36771 
0 -0.271718 0.313519 
0 -0.144883 0.296363 
0 -0.223703 0.347268 
0 -0.325613 0.353364 
0 -0.339218 0.304742 
0 -0.190726 -0.912907 
0 -0.0939045 -0.873223 
0 -0.10137 -0.953933 
0 -0.136619 -0.924328 
0 -0.218445 -0.905675 
0 -0.105095 -1.02341 
0 -0.286369 -0.90744 
0 -0.181823 -0.883625 
0 -0.288956 -0.879676 
0 -0.233269 -0.389823 
0 -0.249052 -0.273731 
0 -0.233631 -0.415378 
0 -0.239193 -0.424856 
0 -0.263459 -0.25683 
0 -0.233163 -0.342556 
0 -0.0826719 -0.41806 
0 -0.294028 -0.356779 
0 -0.244903 -0.365223 
0 -0.313743 -0.47362 
0 -0.34733 -0.304967 
0 -0.274799 -0.33983 
0 -0.201661 -0.479558 
0 -0.187324 -0.283519 
0 -0.196818 -0.447994 
0 -0.177314 -0.318222 
0 -0.367346 -0.358985 
0 -0.235009 -0.255652 
0 -0.273053 0.503424 
0 -0.165735 0.515728 
0 -0.321169 0.468451 
0 -0.0989283 0.407973 
0 -0.148505 0.446015 
0 -0.232227 0.487149 
0 -0.271024 0.511625 
0 -0.109181 0.436736 
0 -0.121694 0.399708 
0 0.453153 -0.037825 
0 0.340101 0.0524203 
0 0.416572 0.0776238 
0 0.497179 -0.125088 
0 0.509675 -0.0156766 
0 0.3852 -0.121647 
0 0.446223 0.0762343 
0 0.458808 -0.0962417 
0 0.440791 -0.168707 
0 0.486196 0.0540594 
0 0.447215 -0.165599 
0 0.483573 0.082185 
0 0.508062 -0.122845 
0 0.468093 -0.0169906 
0 0.584654 0.00174513 
0 0.543152 -0.107567 
0 0.390215 -0.0191953 
0 0.511393 0.104013 
0 0.489954 -0.174853 
0 0.520394 0.0748819 
0 1.01376 0.0555514 
0 1.02406 0.204104 
0 1.04739 -0.0648343 
0 1.03361 0.178833 
0 0.979265 0.0600986 
0 0.948465 0.173208 
0 1.10024 -0.00662975 
0 1.01755 0.178146 
0 1.0763 0.0923818 
0 0.377465 -0.205015 
0 0.278364 -0.1992 
0 0.415616 -0.271081 
0 0.338801 -0.280269 
0 0.41103 -0.198011 
0 0.300176 -0.160039 
0 0.438592 -0.241591 
0 0.372526 -0.247745 
0 0.310387 -0.317161 
0 0.409377 -0.244617 
0 0.33227 -0.246447 
0 0.361594 -0.26792 
0 0.310567 -0.220009 
0 0.319692 -0.227638 
0 0.355219 -0.344547 
0 0.45356 -0.216084 
0 0.492713 -0.199846 
0 0.250503 0.149814 
0 0.274054 -0.0549971 
0 0.453582 0.17493 
0 0.468423 0.216062 
0 0.454399 0.177672 
0 0.477828 0.21561 
0 0.463227 0.192659 
0 0.594457 -0.217066 
0 0.542584 -0.196644 
0 0.627145 -0.147103 
0 -0.0379064 0.436966 
0 0.0171789 0.378555 
0 0.0372343 0.426903 
0 -0.0484762 0.460175 
0 -0.0675925 0.309645 
0 0.0547821 0.37834 
0 -0.0598985 0.356027 
0 0.113743 0.421964 
0 0.0902183 0.471821 
0 0.095319 0.502588 
0 0.635837 -0.205151 
0 -0.626526 -0.689572 
0 -0.496303 -0.672931 
0 -0.552589 -0.777519 
0 -0.62053 -0.561885 
0 -0.714999 -0.610853 
0 -0.54073 -0.78115 
0 -0.735351 -0.647103 
0 -0.685409 -0.801586 
0 -0.647309 -0.818231 
0 -0.0484974 -0.402816 
0 0.0141977 -0.515784 
0 0.0589002 -0.491398 
0 -0.036121 -0.453256 
0 0.0573466 -0.394872 
0 -0.0951877 -0.517947 
0 0.0468438 -0.479766 
0 -0.034035 -0.530447 
0 -0.0779983 -0.420773 
0 0.0155004 -0.483675 
0 -0.00499411 -0.502195 
0 -0.0839427 -0.442677 
0 -0.100525 -0.484528 
0 -0.401436 -0.259423 
0 -0.382833 -0.328274 
0 -0.423644 -0.363391 
0 -0.334761 -0.173418 
0 -0.450751 -0.388995 
0 -0.384443 -0.220473 
0 -0.386103 -0.186725 
0 -0.39549 -0.329342 
0 -0.54697 -0.269767 
0 -0.415597 -0.343443 
0 -0.509231 -0.21385 
0 -0.541763 -0.982423 
0 -0.502005 -0.899288 
0 -0.488067 -0.864057 
0 -0.532305 -0.842173 
0 -0.563292 -1.06735 
0 -0.612267 -0.874895 
0 -0.507038 -0.83926 
0 -0.529696 -0.835655 
0 -0.880157 -0.66549 
0 -0.954189 -0.666393 
0 -0.955249 -0.703236 
0 -0.807858 -0.628557 
0 -0.82706 -0.62892 
0 0.805713 -0.366121 
0 0.824286 -0.418359 
0 0.73658 -0.386855 
0 0.821179 -0.470987 
0 -0.36545 -0.479421 
0 0.971928 0.245785 
0 1.06991 0.316594 
0 1.01897 0.277594 
0 0.205095 -0.328275 
0 0.275003 -0.353863 
0 0.155392 -0.283382 
0 -0.00341717 -1.06401 
0 0.416799 0.354369 
0 0.407097 0.335741 
0 0.359686 0.300724 
0 0.449536 0.416982 
0 0.28469 0.36332 
0 0.458459 0.346825 
0 0.368245 0.413129 
0 0.451641 0.422484 
0 0.427172 0.273071 
0 0.551529 0.370586 
0 0.359055 0.449542 
0 0.370426 0.401713 
0 0.476828 0.27796 
0 0.444616 0.338963 
0 -0.666555 -0.855462 
0 -0.788068 -0.864198 
0 -0.420888 -0.0147036 
0 -0.381617 0.155382 
0 -0.388466 0.0361695 
0 -0.392835 0.059186 
0 -0.41875 0.209227 
0 0.255423 0.417785 
0 0.12033 0.364853 
0 0.126971 0.444297 
0 0.263501 0.270797 
0 0.206965 0.528137 
0 0.230051 0.373328 
0 0.244932 0.435991 
0 0.173886 0.490662 
0 0.170459 0.418851 
0 0.266688 0.534019 
0 0.157679 0.468386 
0 0.19596 0.331746 
0 0.129179 0.483083 
0 0.17736 0.502739 
0 0.236387 0.299636 
0 -0.498491 -0.105524 
0 -0.426155 -0.0415418 
0 -0.498565 -0.100821 
0 -0.634237 -0.104844 
0 0.196265 -1.10946 
0 0.033151 -1.04722 
0 0.407091 -0.99347 
0 -0.386816 -0.930932 
0 -0.362582 -0.823129 
0 0.745272 -0.767202 
0 0.706343 -0.714521 
0 0.195598 -0.562017 
0 0.191378 -0.4366 
0 0.174018 -0.419695 
0 0.178314 -0.435516 
0 0.0754221 -0.553518 
0 0.110675 -0.59263 
0 0.209682 -0.409994 
0 0.142321 -0.524526 
0 0.105231 -0.488687 
0 0.0854914 -0.497131 
0 0.227506 -0.376722 
0 0.234066 -0.351009 
0 0.239741 -0.365015 
0 0.209388 -0.398331 
0 0.184254 -0.381736 
0 0.152289 -0.407026 
0 0.318744 0.226228 
0 -0.422588 -0.0950169 
0 -0.310195 -0.0200853 
0 -0.213674 0.0152224 
0 -0.390255 -0.104081 
0 -0.316813 -0.0322064 
0 -0.359861 -0.0780332 
0 -0.359981 -0.0682106 
0 0.804684 -0.615345 
0 0.758106 -0.607917 
0 0.767414 -0.633183 
0 0.90604 -0.636984 
0 0.944321 -0.613122 
0 0.712985 -0.572438 
0 0.892604 -0.586618 
0 0.712577 -0.625204 
0 0.772175 -0.705305 
0 0.346822 -0.397201 
0 0.480502 -0.373575 
0 0.248008 0.243343 
0 0.180733 0.184632 
0 -0.0152617 -1.21428 
0 -0.0577464 -1.12842 
0 -0.072536 -0.583004 
0 0.610193 -0.630757 
0 -0.458901 -0.494739 
0 -0.462094 -0.48289 
0 -0.987067 -0.548986 
0 -0.550107 -0.20227 
0 0.395152 -0.842767 
0 -0.198322 -0.593775 
0 0.862969 0.316928 
0 -0.690318 -0.166588 
0 0.817312 -0.803084 
0 0.352431 -0.721623 
0 0.332397 -0.761382 
0 0.574606 0.315253 
0 0.381992 -1.08998 
0 0.36938 -0.458439 
0 0.435321 -0.435554 
0 0.395923 -0.476669 
0 0.604263 0.219232 
0 0.665695 0.210107 
0 0.190355 -0.0350252 
0 0.342448 0.609986 
0 1.1138 0.423419 
0 1.2198 0.109909 
0 -0.687951 -0.308466 
0 -0.0735928 -0.241213 
1 0.553892 0.870816 
1 0.632577 0.874604 
1 0.546781 0.764099 
1 0.552563 0.753469 
1 0.52517 0.878089 
1 0.509973 0.958222 
1 0.513207 0.761558 
1 0.617615 0.736383 
1 0.492442 0.880963 
1 0.466762 0.924835 
1 0.471138 0.927095 
1 0.692015 0.835104 
1 0.607632 0.777628 
1 0.464973 0.760009 
1 0.56013 0.800387 
1 0.757267 0.706068 
1 0.714676 0.575007 
1 0.870128 0.740093 
1 0.861473 0.767319 
1 0.843789 0.711049 
1 0.710487 0.692078 
1 0.655401 0.621938 
1 0.758105 0.824227 
1 0.310794 1.02127 
1 0.259473 1.146 
1 0.312142 0.893679 
1 0.238606 1.03136 
1 0.24841 1.06811 
1 0.275934 1.03334 
1 0.232971 1.05454 
1 0.314608 1.04464 
1 0.294707 1.02242 
1 0.378955 1.0277 
1 0.972046 0.641289 
1 0.867469 0.534973 
1 0.992833 0.487846 
1 0.875125 0.588772 
1 0.909551 0.519549 
1 0.813976 0.485867 
1 0.789391 0.552035 
1 0.895432 0.441297 
1 0.184044 0.854398 
1 0.273009 0.82636 
1 0.858522 0.354944 
2 -0.683088 0.705048 
2 -0.817053 0.659164 
2 -0.682219 0.771948 
2 -0.539768 0.724005 
2 -0.677177 0.782208 
2 -0.757806 0.599123 
2 -0.783722 0.697552 
2 -0.746777 0.751632 
2 -0.605761 0.812652 
2 -0.675291 0.749967 
2 -0.598541 0.747053 
2 -0.752085 0.678362 
2 -0.824612 0.504584 
2 -0.753711 0.413214 
2 -0.902558 0.599513 
2 -0.842528 0.614537 
2 -0.885465 0.441879 
2 -0.808048 0.444667 
2 -0.857884 0.537885 
2 -1.00442 -0.460493 
2 -0.960435 -0.378073 
2 -0.907645 -0.410401 
2 -0.96069 -0.326634 
2 -0.934307 -0.452382 
2 -1.08292 -0.48651 
2 -0.8146 0.309974 
2 -0.866148 0.31869 
2 -1.01398 0.275306 
2 -1.0467 0.182583 
2 -0.926979 0.3368 
2 -0.906337 0.191213 
2 -0.931048 0.157797 
2 -0.87052 0.272699 
2 -0.95912 0.17363 
2 -0.970996 0.150709 
2 -0.187793 1.02321 
2 -0.213079 1.02242 
2 -0.168731 0.947366 
2 -0.0422591 1.01638 
2 -0.195343 0.912578 
2 -0.0567216 1.09886 
2 -0.099968 1.02804 
2 -0.178713 1.10051 
2 -0.131595 1.02261 
2 -0.295264 0.909968 
2 -1.01989 0.0517017 
2 -1.01866 0.0350186 
2 -1.07424 0.0888951 
2 -0.999237 0.533026 
2 -0.987965 0.509033 
2 -0.864491 0.686786 
2 -0.881027 0.731785 
2 -0.389025 1.00149 
2 -0.389406 1.10671 
2 -0.447681 0.965071 
2 -0.431851 1.03003 
2 -0.496934 0.985731 
2 -0.0186168 0.968724 
2 -0.0739487 0.892599 
2 -1.14227 0.01208 
2 -0.93296 0.0127956 
2 -0.976458 -0.0367624 
2 -0.9988 -0.0896229 
2 -0.898539 -0.0303515 
2 -0.890704 -0.081903 
2 -1.01145 0.462953 
2 0.0304268 1.05045 
2 0.00722421 0.971661 
2 -0.468073 0.819718 
2 -0.514944 0.799594 
2 -0.413596 0.803158 
2 -0.453379 0.807213 
2 -0.456449 0.797673 
2 -0.297573 0.780839 
2 -0.377913 0.722973 
2 -0.881295 0.186861 
2 -0.953484 -0.147325 
2 -1.09952 -0.1376 
2 -0.946451 -0.146954 
2 -0.960997 -0.200833 
2 -0.895568 -0.19074 
2 -0.911799 -0.200837 
2 -1.03753 -0.214347 
2 -0.880633 -0.225501 
2 -0.883122 -0.356096 
2 -0.852427 -0.405415 
2 -0.782269 -0.345473 
3 0.118117 0.836948 
3 0.844077 -0.948075 
3 0.776303 0.243885 
