0 -0.201754 0.771585 
0 -0.041801 0.845304 
0 -0.23795 0.934398 
0 -0.334524 0.862437 
0 -0.360592 0.832131 
0 -0.305868 0.8913 
0 -0.110819 0.878954 
0 -0.168401 0.94081 
0 -0.209027 0.870249 
0 -0.200724 0.944748 
0 -0.136573 0.858773 
0 -0.64689 0.682156 
0 -0.678708 0.844268 
0 -0.637797 0.593288 
0 -0.755199 0.680271 
0 -0.497047 0.603287 
0 -0.765587 0.788562 
0 -0.631923 0.712572 
0 -0.780503 0.568958 
0 -0.74217 0.738354 
0 -0.629056 0.647645 
0 -0.608149 0.822308 
0 -0.727655 0.568369 
0 -0.531641 0.667681 
0 -0.811145 0.643588 
0 -0.586342 0.668945 
0 -0.649941 0.664756 
0 -0.662339 0.575415 
0 -0.536301 0.650973 
0 -0.725772 0.531572 
0 -0.509402 0.772286 
0 0.874629 0.0875412 
0 0.945286 0.184998 
0 0.85337 0.262245 
0 0.806959 0.214224 
0 0.944236 0.133508 
0 0.959579 -0.0233393 
0 0.91287 0.0838983 
0 1.04619 0.115804 
0 0.926894 0.2109 
0 1.02772 0.101195 
0 0.847964 0.245745 
0 0.851727 0.26302 
0 0.968437 0.204759 
0 0.138573 1.03712 
0 0.011722 1.05855 
0 0.263283 0.933185 
0 0.121467 0.859697 
0 0.119888 0.914827 
0 0.154033 0.965448 
0 -0.00306051 1.03059 
0 0.218277 1.02661 
0 0.242755 1.04867 
0 0.142837 1.0515 
0 0.303437 1.00939 
0 0.178508 1.09956 
0 0.272069 1.04919 
0 0.0210729 0.956643 
0 0.276814 0.94999 
0 0.0811592 0.893381 
0 0.162654 1.04511 
0 0.157253 1.16895 
0 0.222755 0.98315 
0 0.116534 1.04886 
0 0.221602 1.09924 
0 -0.758406 0.539163 
0 -0.815246 0.432915 
0 -0.813959 0.581408 
0 -0.850135 0.639588 
0 -0.745405 0.518368 
0 -0.865913 0.61 
0 -0.872803 0.517648 
0 -0.794051 0.517209 
0 -0.728435 0.486426 
0 -0.836346 0.611321 
0 -0.835903 0.681565 
0 -0.817885 0.508352 
0 -0.869059 0.519851 
0 -0.79937 0.565346 
0 -1.03739 0.224009 
0 -1.04314 0.143775 
0 -1.00314 0.195518 
0 -1.04781 0.326731 
0 -0.975404 0.359784 
0 -1.12646 0.241333 
0 -0.935384 0.214346 
0 -1.01819 0.0990601 
0 -1.06544 0.233151 
0 -0.866362 0.240645 
0 -1.0264 0.291546 
0 -0.997678 0.103669 
0 -1.03952 0.0607249 
0 -1.06351 0.150533 
0 -1.00887 0.116762 
0 -1.02377 0.191453 
0 -0.891303 0.244213 
0 -1.15255 0.23743 
0 -1.14924 0.165144 
0 -0.90869 0.268668 
0 -0.903292 0.224476 
0 -0.900953 0.279921 
0 -0.886665 0.226363 
0 -1.01011 0.0177797 
0 -0.995269 0.0274562 
0 -0.533497 0.853965 
0 -0.793808 0.842086 
0 -0.500005 0.824881 
0 -0.69498 0.986678 
0 -0.745294 0.929722 
0 -0.835523 0.778388 
0 -0.630791 0.924445 
0 -0.612781 0.886955 
0 -0.651738 0.990137 
0 -0.78514 0.844065 
0 -0.464487 0.600122 
0 -0.0429487 1.00794 
0 -0.123937 0.990622 
0 -0.0252143 0.934083 
0 -0.0411025 0.991812 
0 -0.124741 1.00267 
0 -0.121278 0.957622 
0 -0.881488 0.721733 
0 0.689941 0.545757 
0 0.742036 0.714753 
0 0.695706 0.564407 
0 0.715317 0.677722 
0 0.84025 0.480641 
0 0.854521 0.593598 
0 0.815804 0.517204 
0 0.802046 0.444875 
0 0.763513 0.564015 
0 0.647683 0.679683 
0 0.841467 0.572476 
0 0.772303 0.691655 
0 0.777384 0.499171 
0 0.847668 0.578875 
0 0.799494 0.489502 
0 0.613725 0.682959 
0 0.700063 0.439119 
0 0.815286 0.466596 
0 0.697242 0.473122 
0 0.603597 0.680733 
0 0.725945 0.59043 
0 0.769682 0.663127 
0 0.822778 0.285851 
0 0.793506 0.357115 
0 0.959491 0.289227 
0 0.841682 0.331617 
0 0.963731 0.395735 
0 0.779375 0.384135 
0 0.796241 0.342185 
0 0.916797 0.384488 
0 0.973976 0.311678 
0 1.01717 0.451462 
0 0.992316 0.375989 
0 0.984767 0.514668 
0 0.930998 0.590828 
0 0.99387 0.430402 
0 0.894963 0.49297 
0 1.10865 0.429474 
0 1.05577 0.382824 
0 -0.944825 0.478695 
0 -0.911398 0.441081 
0 -0.920478 0.408046 
0 -0.948031 0.432951 
0 -0.87987 0.331655 
0 -0.921076 0.376768 
0 -0.888652 0.371717 
0 -0.154997 1.11057 
0 -0.0488007 1.1496 
0 -0.143891 1.01979 
0 -0.0434632 1.18707 
0 -0.106976 1.13025 
0 -0.0843935 1.102 
0 -0.118732 1.04158 
0 0.00253407 1.15624 
0 -0.0491896 1.14613 
0 0.616582 0.747435 
0 0.822609 0.742673 
0 0.856904 0.636465 
0 0.888152 0.644566 
0 0.575369 0.694543 
0 0.694642 0.854021 
0 0.807863 0.739762 
0 0.635455 0.759835 
0 0.667722 0.786454 
0 0.865003 0.676117 
0 0.605409 0.921057 
0 0.504512 0.732126 
0 0.54402 0.697611 
0 0.603692 0.878335 
0 0.488537 0.78645 
0 0.482247 0.847631 
0 0.626254 0.885711 
0 0.448801 0.786581 
0 0.400707 0.702034 
0 0.45126 0.630933 
0 0.241186 0.651876 
0 0.402881 0.582612 
0 0.408265 0.871113 
0 1.1091 0.269908 
0 1.03277 0.216748 
0 1.02643 0.213206 
0 1.04123 0.266476 
0 1.22947 0.287075 
0 0.324326 0.995498 
0 0.357414 0.898417 
0 0.292214 0.928032 
0 0.475329 0.906522 
0 0.478838 1.04317 
0 0.275155 0.857303 
0 0.375537 0.95487 
0 0.463393 0.901211 
0 0.293848 0.932415 
0 0.505366 0.896898 
0 0.509197 0.90846 
0 0.511439 1.0219 
0 0.588144 0.980193 
0 0.689253 1.01469 
0 0.940839 0.769625 
0 -1.02728 0.505418 
0 -1.20827 0.337727 
0 -0.284069 0.98942 
0 -0.253337 0.97746 
0 -0.139561 1.19808 
0 -0.966908 -0.0884131 
0 -0.989743 -0.028882 
0 -0.440538 0.787015 
0 -0.428509 0.879323 
0 -0.436879 0.849495 
0 -0.388118 0.878216 
0 -0.38098 0.932177 
0 -0.491664 0.958935 
0 -0.384148 0.926747 
0 -0.402867 0.805814 
0 -0.416525 0.930015 
0 -0.569195 1.02184 
0 -0.556276 0.97902 
0 -0.257817 0.945912 
0 -0.412025 1.01086 
0 -0.363882 0.977159 
0 -0.827167 0.151764 
0 -0.754274 0.164769 
0 -0.781226 0.0651498 
0 1.14099 0.0334953 
0 1.21202 0.112067 
0 1.19508 0.0801637 
0 1.07078 -0.096025 
0 -0.374394 1.10852 
0 0.91883 -0.104797 
1 0.523638 -0.170934 
1 0.444646 -0.283179 
1 0.483367 -0.268585 
1 0.563119 -0.193586 
1 0.480381 -0.227645 
1 0.464182 -0.135747 
1 0.353836 -0.143846 
1 0.552242 -0.32965 
1 0.363994 -0.211819 
1 0.545252 -0.323712 
1 0.533193 -0.300752 
1 0.464318 -0.290363 
1 0.458547 -0.211496 
1 1.77216 0.111797 
1 1.76111 0.133521 
1 1.88051 0.160636 
1 1.90523 0.0516758 
1 1.88983 0.0522942 
1 1.86848 -0.0103536 
1 1.74423 0.0299369 
1 1.79962 0.232207 
1 1.71243 -0.0428897 
1 1.81793 0.0292714 
1 1.84373 0.0211732 
1 1.75041 0.0607758 
1 1.66539 0.0324597 
1 1.78615 0.0610983 
1 1.80659 -0.0131867 
1 1.8381 0.27656 
1 1.8071 0.0860745 
1 2.05922 0.16633 
1 1.9904 0.298851 
1 1.99738 0.140681 
1 1.9233 0.265911 
1 2.04865 0.203957 
1 1.97 0.267943 
1 1.97822 0.139777 
1 2.03104 0.187051 
1 1.9794 0.113035 
1 1.96693 0.0771311 
1 1.98142 0.0809483 
1 1.84875 0.310338 
1 1.96128 0.0717439 
1 1.29123 -0.576543 
1 1.28552 -0.501479 
1 1.36452 -0.440755 
1 1.14538 -0.53998 
1 1.34787 -0.582396 
1 1.118 -0.603743 
1 1.3101 -0.457213 
1 1.43011 -0.497116 
1 1.12769 -0.55691 
1 1.35027 -0.466341 
1 1.29451 -0.487335 
1 1.32674 -0.429283 
1 1.39458 -0.434905 
1 1.2719 -0.57155 
1 1.29985 -0.444435 
1 1.16382 -0.500044 
1 1.2982 -0.586735 
1 1.27367 -0.399486 
1 1.13551 -0.657927 
1 1.40159 -0.477274 
1 1.20717 -0.543063 
1 1.16644 -0.487127 
1 1.3555 -0.390798 
1 1.41079 -0.350852 
1 1.49921 -0.42041 
1 1.32547 -0.381559 
1 1.42433 -0.409881 
1 1.34744 -0.366975 
1 1.5006 -0.439524 
1 1.50801 -0.352956 
1 1.23544 -0.378407 
1 1.33144 -0.338372 
1 1.37036 -0.294455 
1 1.44647 -0.316055 
1 1.23127 -0.380932 
1 0.194011 0.0576814 
1 0.0563951 0.149161 
1 0.0893341 0.0116409 
1 0.0879048 0.074855 
1 0.232386 0.208871 
1 0.298906 0.0258779 
1 0.210891 0.0665834 
1 0.248991 0.037624 
1 0.095625 0.0122736 
1 0.155969 0.078245 
1 0.243007 -0.0778001 
1 0.281102 -0.0327316 
1 0.156417 -0.0314046 
1 0.16184 0.218726 
1 0.0636147 0.115474 
1 0.111722 0.12155 
1 0.121584 0.0986558 
1 0.0755805 0.164804 
1 2.10466 0.195119 
1 2.0254 0.330953 
1 2.0929 0.0581718 
1 2.07809 0.17784 
1 1.01915 -0.711669 
1 0.97799 -0.547851 
1 0.984729 -0.546798 
1 0.973955 -0.648548 
1 1.08118 -0.592142 
1 0.874159 -0.651943 
1 0.933257 -0.562302 
1 0.670662 -0.512798 
1 0.627484 -0.379327 
1 0.796117 -0.43165 
1 0.674367 -0.429103 
1 0.618923 -0.510597 
1 0.656824 -0.383806 
1 0.65796 -0.450462 
1 0.568542 -0.522584 
1 0.802429 -0.61529 
1 0.640492 -0.447582 
1 0.82531 -0.564957 
1 0.541513 -0.464128 
1 0.547171 -0.480662 
1 0.616359 -0.498262 
1 0.710341 -0.462372 
1 0.791432 -0.388386 
1 0.845857 -0.480301 
1 0.63836 -0.473831 
1 0.726542 -0.487986 
1 1.4856 -0.562038 
1 1.51587 -0.514986 
1 -0.0715314 0.0675944 
1 0.150755 0.265107 
1 0.104499 0.285329 
1 0.00215594 0.111384 
1 0.0940778 0.245317 
1 0.186684 0.257163 
1 0.0646528 0.32776 
1 0.0790968 0.26573 
1 -0.0427187 0.159818 
1 -0.0257161 0.186366 
1 0.0275815 0.190241 
1 0.963024 -0.292632 
1 1.07556 -0.376068 
1 0.881902 -0.44765 
1 0.897616 -0.306822 
1 0.919932 -0.459971 
1 0.897609 -0.377034 
1 0.933418 -0.273526 
1 0.872084 -0.332137 
1 1.08145 -0.377334 
1 0.879475 -0.317685 
1 0.962468 -0.408106 
1 1.05909 -0.388295 
1 1.57003 -0.222609 
1 1.55147 -0.335428 
1 1.50364 -0.283805 
1 1.67193 -0.142415 
1 1.73243 -0.251842 
1 1.55282 -0.360803 
1 1.6315 -0.272334 
1 1.65964 -0.163746 
1 1.67064 -0.318703 
1 1.56333 -0.226822 
1 1.7169 -0.249633 
1 1.64118 -0.24752 
1 1.5568 -0.198532 
1 1.54951 -0.39324 
1 1.54416 -0.276502 
1 1.73838 -0.268318 
1 0.48099 -0.367632 
1 0.375485 -0.444164 
1 0.415754 -0.418139 
1 0.44957 -0.370221 
1 0.317026 -0.210774 
1 0.305149 -0.296668 
1 0.503525 -0.371224 
1 0.480283 -0.369 
1 0.290115 -0.229879 
1 0.370728 -0.436211 
1 0.320694 -0.323783 
1 0.421951 -0.352474 
1 1.85478 -0.107049 
1 1.91908 -0.152278 
1 1.76285 -0.0837122 
1 1.83689 -0.176232 
1 1.78874 -0.189286 
1 1.88003 -0.0906723 
1 1.74304 -0.108887 
1 1.75236 -0.195422 
1 1.73986 -0.101836 
1 1.85888 -0.165394 
1 1.95289 -0.0109319 
1 1.76839 -0.209266 
1 1.94226 0.349977 
1 1.92975 0.375686 
1 1.95826 0.332545 
1 2.00735 0.441774 
1 1.8326 0.345745 
1 1.95563 0.463065 
1 1.96813 0.401291 
1 1.98307 0.366285 
1 0.878805 -0.562199 
1 0.932119 -0.481563 
1 0.915566 -0.498247 
1 0.855439 -0.59939 
1 0.94366 -0.525605 
1 1.56243 -0.431892 
1 1.56219 -0.415495 
1 -0.0920121 0.373553 
1 -0.0953716 0.381859 
1 -0.0178971 0.419015 
1 -0.0622768 0.489483 
1 -0.0435315 0.520239 
1 -0.0629587 0.314608 
1 0.060261 0.381912 
1 0.0554862 0.397786 
1 -0.190917 0.318688 
1 -0.0192039 0.457856 
1 0.0414607 0.351705 
1 -0.030955 -0.0269936 
1 0.0870771 -0.154723 
1 0.00217405 -0.0247707 
1 2.05352 -0.131177 
1 0.250662 -0.12479 
1 0.212647 -0.278299 
1 0.309411 -0.111376 
1 0.142903 -0.129643 
1 0.156941 -0.202919 
1 0.196391 -0.156056 
1 0.254773 -0.199416 
1 0.225245 -0.292749 
1 0.227906 -0.275545 
1 0.274251 -0.180213 
1 0.207289 0.261638 
1 0.196297 0.316347 
1 0.19911 0.323959 
1 1.04387 -0.524593 
1 1.09452 -0.516806 
1 0.39251 -0.492902 
1 1.67925 -0.469744 
1 1.56101 -0.028507 
1 0.241641 -0.347242 
1 1.85551 0.418418 
1 0.119985 -0.391523 
1 0.0485436 -0.217171 
1 0.227892 -0.338092 
1 0.0569281 0.512177 
1 0.188076 0.59384 
1 2.12328 0.421538 
1 1.92353 0.589141 
1 1.71801 0.521361 
1 2.16347 0.588999 
