 0.93870386 -0.20147595
 0.15789041 -0.74266351
-0.6830885   0.70504819
-0.56863055  0.07447715
 0.56686406 -0.82150211
-0.48521482  0.36728394
 0.18407868 -0.82275051
 0.17991921 -0.95288467
-0.02060701  0.64584749
-0.24817785  0.30983118
-0.19072565 -0.91290749
 0.55389157  0.87081619
-0.23326897 -0.38982302
-0.21801056  0.38423375
 0.45315273 -0.03782499
 1.01376082  0.05555138
-0.09390447 -0.87322287
 0.3774649  -0.20501526
 0.3401012  0.0524203
 0.19626526 -1.10945917
-0.59871489  0.14633238
 0.41657247  0.07762378
 0.75726667  0.70606794
 0.49717875 -0.12508764
-0.8246118   0.50458399
-0.03790636  0.43696613
 0.59445672 -0.21706638
 0.6325774   0.87460352
-0.62652576 -0.68957225
-1.14227087  0.01207998
 0.11811712  0.83694767
-0.04849739 -0.40281637
-0.40143551 -0.25942322
 0.50967497 -0.01567658
-0.5417626 -0.9824233
-0.24905187 -0.27373148
-0.88015716 -0.6654899 
-1.00442193 -0.4604932 
 0.8057127  -0.36612138
 0.81731157 -0.80308368
 0.31079382  1.02126887
-0.75371138  0.41321371
-0.23363077 -0.41537797
-1.01397617  0.27530583
 1.02405769  0.20410438
-0.0152617  -1.21428356
 1.04738754 -0.06483425
-0.98706695 -0.54898565
-0.56898163  0.13970491
 0.27836393 -0.19919995
 0.97204582  0.64128907
-0.1013699  -0.95393336
-0.78806797 -0.86419818
 0.71467553  0.57500655
 0.41679947  0.35436876
-0.66655547 -0.85546242
 0.3851999  -0.12164734
-0.45914796  0.12601307
 0.255423   0.4177846
-0.54308646  0.34729712
-0.54741259  0.02287244
 0.18404363  0.85439794
-0.21367365  0.01522243
 0.3524313 -0.7216231
 0.1203303   0.36485334
 0.10573788 -1.03818551
 0.87012835  0.74009282
-0.18779325  1.02320618
 0.2721471  -0.96151042
-0.2130792   1.02242401
-0.5020051  -0.89928795
 0.93830911 -0.238153  
-0.48806671 -0.864057  
 0.86746859  0.53497277
-1.04669591  0.18258321
-0.33202619  0.36241544
-0.90255781  0.5995129 
 0.54678058  0.76409907
 0.25947276  1.14600177
 0.38199169 -1.08997927
-0.23919311 -0.42485641
 0.01717893  0.37855533
-0.13661927 -0.92432842
 0.63296678 -0.82997341
 0.19559786 -0.56201681
-0.26345865 -0.25682955
 0.19137835 -0.43659971
 0.40709677  0.33574066
-0.54155517 -0.00139143
-0.38902483  1.00149036
 0.55256263  0.75346876
-0.21844472 -0.90567478
-0.31019525 -0.02008528
 0.03723425  0.42690347
 0.80468398 -0.61534477
 0.17401811 -0.41969504
 0.12697094  0.44429721
 0.17831429 -0.43551596
 0.41561569 -0.2710813 
-0.42088798 -0.01470356
 0.31874373  0.22622819
-0.00341717 -1.06401087
 0.22750582 -0.37672224
 0.01419771 -0.51578445
 0.35968603  0.30072354
-0.16873109  0.94736578
 0.98682473 -0.09635425
 0.75810632 -0.60791749
-0.45890061 -0.49473933
 0.33880116 -0.28026863
 0.60739658 -0.74639948
 0.10089894 -0.85383469
-0.49630332 -0.67293147
-0.46827289  0.02719156
-0.4249774   0.29026459
-0.23316344 -0.34255629
 0.13908825 -0.72399324
 0.41103043 -0.19801106
 0.0589002  -0.49139786
-0.19470545  0.44298125
 0.62620348 -0.93181764
-0.10509471 -1.02340564
 0.80590747 -0.17301796
-0.03612095 -0.45325606
-0.95418921 -0.66639265
-0.04847625  0.46017458
 0.82428592 -0.41835897
-0.49849073 -0.10552371
 0.44626645 -0.9014818 
-0.51895411  0.23448135
 0.30017555 -0.16003894
-1.01989442  0.05170174
 1.03360871  0.17883338
-0.81705313  0.65916357
 0.31214211  0.89367866
 0.05734662 -0.39487152
-0.07253602 -0.58300401
-0.93296016  0.01279556
 0.0754221  -0.55351797
-0.95524888 -0.70323649
-1.01144677  0.46295274
 0.26350069  0.27079717
-0.42615471 -0.04154175
 0.44622325  0.07623428
 0.09698652 -0.94498471
 0.33239683 -0.76138243
 0.27300869  0.82635954
-0.2730533   0.50342351
 0.73658025 -0.38685468
-0.06759255  0.30964539
-0.92697854  0.33680003
 0.43859223 -0.24159068
-0.55258875 -0.77751925
 0.80234179 -0.25277027
 0.52516965  0.87808931
-0.01861676  0.96872425
 0.97192792  0.24578498
-0.68221934  0.77194784
-0.53976762  0.7240052 
-0.08267193 -0.41806035
 0.45880797 -0.09624173
 0.57973915 -0.86411271
-0.60040934 -0.07674553
-0.53230452 -0.84217333
 0.25050334  0.14981353
 0.74527206 -0.76720213
 0.37252623 -0.24774491
 0.11067497 -0.59262974
 0.20696516  0.52813733
-0.78226923 -0.34547289
 0.44953632  0.41698206
 0.23005052  0.3733281 
 0.03042677  1.05044862
-0.29526419  0.909968  
-0.29757327  0.78083913
-0.56329199 -1.06735247
-0.16573509  0.51572811
 0.76741423 -0.63318256
 0.04318893  0.52820342
 0.84407652 -0.94807498
 0.25963571 -0.63481795
-0.61226743 -0.87489485
-0.38283255 -0.32827385
 0.28469001  0.36332048
 0.20968233 -0.40999418
-0.39025483 -0.10408096
 0.45845895  0.34682492
 0.23406623 -0.35100887
 0.2386057   1.03135763
-0.3779133   0.72297281
 0.44079135 -0.16870726
 0.24493221  0.43599119
-0.04225913  1.01637699
-0.13632439  0.61826348
-0.06418013  0.71171197
-0.67717693  0.78220807
-0.38940603  1.10671483
 0.99283302  0.48784572
 0.90603982 -0.63698386
-0.55010723 -0.20226981
 0.48619636  0.05405938
-0.62053    -0.56188453
 0.00888089  0.5232074 
 0.17388557  0.49066196
-0.09518769 -0.51794686
-0.84252811  0.61453678
 0.95994004 -0.16942236
-0.29402808 -0.35677854
-0.15870184  0.3541857 
 0.03315098 -1.04722359
-0.56270225  0.08136315
-0.36544996 -0.47942099
 0.32619943 -0.99256235
-0.90633659  0.19121327
-0.42364405 -0.3633909 
 0.861473    0.76731882
 0.14232111 -0.52452573
 0.91992622 -0.19476757
-0.05774641 -1.12842364
 0.24403115 -0.8167661 
 0.87377194 -0.25339854
-0.46807283  0.81971777
-0.99923703  0.533026  
-0.28636915 -0.90744006
 0.0468438  -0.47976593
 0.7763031   0.24388507
-0.33476075 -0.17341832
 0.54258366 -0.19664426
 0.0547821   0.37834032
-0.05989852  0.3560265 
 0.36938034 -0.45843918
 0.59036467 -0.92549299
 0.40709135 -0.99346968
 0.57460608  0.3152525 
-0.38161671  0.15538211
 0.2740538  -0.05499712
-0.24490346 -0.36522286
 0.50997333  0.95822242
-0.49856491 -0.1008208 
-0.32116916  0.46845085
-0.44768102  0.96507107
-0.71499908 -0.61085273
 0.85852205  0.35494393
-0.19534283  0.91257805
-0.38846611  0.03616952
 0.11374261  0.4219641 
-0.31374292 -0.47362042
-0.93104821  0.15779696
 0.36824485  0.41312932
-0.45075071 -0.38899551
 0.9792654   0.06009856
 0.45164051  0.42248378
-0.47124957  0.0261542 
 0.31038726 -0.31716106
 0.96565425 -0.05981222
-0.39283458  0.05918604
 0.17045896  0.41885058
 0.13936584 -0.69373024
 0.20509518 -0.32827454
 0.24800841  0.24334331
 0.51320658  0.76155757
 0.180733    0.18463243
 0.10523122 -0.4886871 
-0.63423682 -0.10484358
-0.95348365 -0.14732493
-0.3625818  -0.82312916
-0.09892834  0.40797342
 0.617615    0.73638253
-0.885465    0.44187889
-0.3473301  -0.30496693
-0.31681269 -0.03220642
 0.8139756   0.48586723
 0.45358154  0.17493036
-0.07359279 -0.24121276
 0.96739582 -0.2636338 
 0.62938955 -0.74949974
-0.07394866  0.89259887
 0.4093768  -0.24461651
-0.5407304  -0.78114993
-0.25100444  0.15846779
-0.73535103 -0.64710314
-0.42104558  0.29728974
-0.03403504 -0.5304475 
-0.98796459  0.50903315
 0.44721543 -0.1655988 
 0.89543165  0.44129734
 1.21980361  0.10990891
 0.33226997 -0.24644691
 0.11462283 -0.8612486 
-1.09952169 -0.13759961
 0.26668827  0.53401881
 0.48357324  0.08218497
 0.4924418  0.8809633
-0.45063788  0.06016613
-0.0779983  -0.42077316
 0.24840993  1.06811282
-0.81459968  0.30997391
 0.60426338  0.21923209
 0.36159362 -0.2679196 
 0.06806628 -1.01075322
 0.62145238 -0.91290293
 0.87512515  0.58877193
-0.69031798 -0.16658809
 0.48239647 -0.89712348
-0.51494396  0.79959383
 0.94846538  0.17320816
 0.01550039 -0.48367482
-0.8661475   0.31868961
 0.10533537  0.56804059
-0.55254708  0.19837255
-0.94645093 -0.14695444
 0.50806179 -0.12284499
 0.15767877  0.46838628
 0.46676195  0.92483537
-0.38444328 -0.22047291
-0.38610269 -0.18672486
 0.7893913   0.55203501
-0.96099688 -0.20083316
 0.82117858 -0.47098751
-0.44527422  0.36284879
-0.9604349  -0.37807338
-0.44213071  0.10685973
-0.75780624  0.59912348
-0.24794209  0.42964376
 0.90955085  0.51954927
-0.26976868  0.33736156
-0.52005423  0.17774672
 0.46809333 -0.01699063
-0.87051962  0.27269938
-0.39549038 -0.32934243
 0.19595988  0.33174614
 1.06991165  0.31659399
 0.43532074 -0.43555426
-1.01865821  0.03501865
 0.47113802  0.92709496
-0.95912035  0.1736301 
-0.41359609  0.80315831
 0.39592318 -0.47666939
 0.70634258 -0.71452054
-0.43185132  1.03002969
 0.69201459  0.83510407
 0.31056676 -0.22000911
 0.3196923  -0.22763836
 1.1002379  -0.00662975
 1.01754521  0.1781459 
 0.23974148 -0.36501528
-0.5528248   0.38814542
-0.2747995  -0.33982965
-0.45337868  0.80721321
-0.97645802 -0.03676237
 0.12917877  0.48308343
-0.80804817  0.44466698
-0.90764474 -0.41040122
 0.94432131 -0.6131219 
-0.14850466  0.44601508
-0.23222744  0.48714909
-0.68540885 -0.80158584
-0.64730945 -0.81823117
-0.78372243  0.69755165
 0.27593388  1.0333376 
 0.39515222 -0.84276682
 1.07630385  0.09238179
-0.14059599  0.36770956
 0.20938785 -0.39833135
 0.58465439  0.00174513
 0.02217486  0.58475713
-0.05672157  1.09885815
-0.18182343 -0.88362496
 0.468423    0.21606186
-0.50703762 -0.8392595 
 0.54315219 -0.1075671 
-0.96069022 -0.32663445
 0.18425358 -0.38173647
 0.60763231  0.777628  
 0.71298492 -0.57243796
 0.42717172  0.27307134
-0.00499411 -0.50219504
-1.07423549  0.08889507
 0.35521902 -0.34454668
-0.27171791  0.3135194 
 0.55152942  0.3705856 
-0.8907044  -0.08190295
-0.74677666  0.75163223
 0.26769196 -1.06834556
-0.06314512  0.57167122
-0.88312208 -0.356096  
-0.54696979 -0.26976672
-0.41874989  0.20922735
 0.23297101  1.05454062
 0.84378936  0.71104855
 0.35905522  0.44954188
-0.3598613  -0.07803319
-0.0839427  -0.44267687
 0.71048742  0.69207752
-0.2016608  -0.47955834
 0.61019264 -0.63075709
-0.43084615  0.27715167
-0.27102408  0.51162484
 0.45439903  0.17767169
-0.60576113  0.81265182
-0.18732428 -0.28351935
-0.09996803  1.02803742
 0.86296927  0.31692825
 0.31460767  1.04463538
-0.8578836   0.53788459
-0.19681764 -0.44799406
 0.37042592  0.40171257
-0.14488291  0.29636293
 0.27683761 -1.01856539
 0.29470686  1.02241765
-0.41559656 -0.34344303
 0.6554011   0.62193766
-0.67529071  0.74996711
-0.93430741 -0.45238207
-0.88129528  0.18686057
-0.10918105  0.43673559
 0.19035485 -0.03502518
-0.68795093 -0.30846574
 1.11380183  0.42341916
-0.49693423  0.98573107
-0.80785842 -0.62855663
 0.17735984  0.50273855
 0.39021511 -0.01919526
 0.08549143 -0.49713071
-0.59854143  0.74705313
-0.86449084  0.68678624
 0.51139316  0.10401297
-0.35998065 -0.06821057
-0.48849682  0.37843534
-0.2237026  0.3472676
-0.89556829 -0.19073991
-0.88102656  0.73178523
-0.17871253  1.10051173
 0.48995379 -0.17485343
 0.9100225  -0.08526002
-0.45083652  0.1178847 
 0.5203943   0.07488194
-0.2889555  -0.87967614
-1.08292397 -0.48651045
 1.03312553 -0.30502074
 0.37895472  1.02769879
 0.34682158 -0.39720119
-0.50923128 -0.21384958
-0.38681632 -0.93093192
-0.32561296  0.35336443
 0.34244796  0.60998579
 0.23638682  0.29963564
-0.60377263  0.08750867
 0.89260373 -0.58661817
-0.5296964 -0.8356548
-0.13159505  1.02260846
-0.75208538  0.67836247
 0.4535597  -0.21608367
-0.17731431 -0.31822155
 0.66569474  0.21010679
 0.47682811  0.27795999
-0.12169357  0.39970828
 0.62714472 -0.1471032 
 0.6358368  -0.20515106
 0.09021826  0.47182095
-0.10052519 -0.48452829
-0.42269869  0.3599576 
 0.47782846  0.21561017
 0.00965071  0.68606127
-0.91179896 -0.20083656
-0.36734619 -0.35898531
-0.42258813 -0.09501692
 1.03558482 -0.26258237
 0.90386422 -0.17666356
-0.46209397 -0.48289008
 0.49271308 -0.19984642
-0.85242657 -0.40541483
-0.82705955 -0.62892052
-1.03753249 -0.21434718
 0.44461651  0.33896305
 0.00722421  0.97166072
 0.15228897 -0.40702598
 1.01896778  0.27759405
-0.56054893  0.36556003
-0.99879974 -0.08962292
-0.23500893 -0.25565201
 0.71257689 -0.62520387
 0.27500329 -0.35386333
 0.46322671  0.19265868
-0.88063319 -0.22550106
-0.33921827  0.3047424 
 0.48050224 -0.37357498
 0.77217521 -0.70530448
-0.89853927 -0.03035147
-0.60332394  0.09143449
-0.07972341  0.51393443
 0.09531896  0.5025882 
 0.15539185 -0.28338235
-0.4564494   0.79767344
-0.1983223  -0.59377471
-0.97099648  0.15070939
 0.46497342  0.76000929
 0.75810495  0.82422674
 0.56013003  0.80038681
 0.84990543 -0.27593216
