-0.20175413  0.77158493
-0.64688998  0.68215615
 0.87462911  0.08754124
 0.138573    1.03712214
-0.75840638  0.53916341
-1.03739416  0.22400912
-1.04313823  0.14377544
 0.52363794 -0.17093431
 1.77215568  0.11179708
 1.76111376  0.13352069
 1.88050934  0.16063645
-0.678708    0.84426794
-0.63779705  0.59328842
 1.29123093 -0.57654337
 1.35550283 -0.39079839
 1.28551947 -0.50147916
-0.04180098  0.84530423
-1.00314258  0.19551788
-0.7551988   0.68027091
 0.19401089  0.05768139
 2.05921512  0.16633012
 1.01915115 -0.71166924
 0.68994135  0.54575671
 0.82277766  0.28585139
 0.67066211 -0.51279816
 1.36452093 -0.4407555 
 0.05639513  0.14916123
 1.01717391  0.45146199
 0.96302376 -0.29263161
 1.57003466 -0.22260902
 0.44464613 -0.2831793 
-0.81524623  0.43291516
 0.62748416 -0.37932662
 0.01172205  1.05854535
 1.85478203 -0.10704881
 0.74203637  0.71475267
 1.99040036  0.29885144
 0.69570568  0.56440654
 0.6165824   0.74743477
 0.40070656  0.70203382
 1.90522807  0.05167582
 1.10909703  0.26990836
 0.32432638  0.9954981 
 0.79611666 -0.43164951
 0.26328316  0.93318493
 0.60540876  0.92105732
 1.55146999 -0.33542846
 1.88982874  0.0522942 
-0.09201213  0.37355282
 0.71531736  0.67772162
-0.03095504 -0.02699357
-0.813959    0.58140803
 0.18807553  0.59384046
 1.91907879 -0.15227849
 1.50363761 -0.2838046 
 0.67436704 -0.42910305
 0.82260913  0.74267336
 0.25066169 -0.12478977
 1.7628486  -0.08371217
-1.04780509  0.32673095
 1.86848425 -0.01035362
-0.07153144  0.06759439
 0.84024983  0.48064089
 1.03276697  0.21674755
-0.8501349   0.63958769
-0.49704699  0.60328727
 0.15075526  0.26510727
 1.99737808  0.14068091
 0.85452122  0.59359755
 0.97799024 -0.54785145
-0.7655873   0.78856196
-0.15499743  1.11056935
 0.48336656 -0.26858453
-0.97540429  0.35978429
 0.98472944 -0.54679796
 0.94528587  0.18499818
 0.99231552  0.37598903
 0.48099021 -0.36763236
 0.85690367  0.63646535
-0.04294874  1.00794078
-1.01011157  0.01777974
 0.79350638  0.35711463
 0.61892329 -0.51059662
 1.56242638 -0.43189175
 0.10449886  0.28532931
 1.56101074 -0.02850703
 0.85337038  0.2622448 
 1.8368919  -0.17623206
-0.44053844  0.78701516
 1.7887421 -0.1892855
-1.12646379  0.24133284
-0.53349704  0.8539652 
 0.37548548 -0.44416376
 0.94083929  0.76962539
-0.12393662  0.99062149
 0.50536588  0.89689762
 0.41575404 -0.41813862
 1.92329638  0.26591063
-0.79380783  0.84208641
 0.12146652  0.85969737
 0.65682379 -0.38380576
 0.11988752  0.9148265 
 0.81580377  0.51720368
-0.94482459  0.47869503
-0.42850859  0.87932289
 2.04865295  0.20395734
-1.02727655  0.50541789
 2.0535188  -0.13117677
 0.44956977 -0.37022085
 0.65795962 -0.45046247
-0.93538371  0.21434603
-1.01819372  0.09906008
-0.23795012  0.93439766
-0.63192291  0.71257217
-1.06544112  0.23315102
 0.50451242  0.73212636
 0.00215594  0.11138424
 1.48559927 -0.56203786
 1.94226117  0.34997744
 1.1453771  -0.53997951
 0.87880474 -0.56219905
 1.07555518 -0.37606759
 0.08933413  0.01164094
 0.56311922 -0.19358608
 1.74423155  0.02993689
-0.09537156  0.38185923
-0.75427378  0.16476881
-0.96690775 -0.08841314
 0.56854161 -0.52258379
-0.04880073  1.14960254
 0.15403258  0.96544771
 1.04386986 -0.52459335
-0.33452446  0.86243725
 0.88190221 -0.44764968
 0.21264732 -0.2782987 
 0.89761617 -0.30682187
 1.67193256 -0.14241465
 1.34786873 -0.58239632
 0.88815175  0.64456556
 0.5753688   0.69454278
 0.48038099 -0.22764538
 0.08790479  0.07485501
 1.11800391 -0.60374252
-0.01789709  0.41901515
 1.79961763  0.23220677
-0.43687904  0.8494951 
 1.41079024 -0.35085247
 1.49920664 -0.42041035
 1.88003016 -0.09067231
-0.91139801  0.44108064
 0.08707708 -0.15472293
 0.30941057 -0.11137609
 1.7430419  -0.10888713
 0.11998517 -0.39152343
-0.92047755  0.4080455 
 0.93211865 -0.48156294
 0.80204581  0.44487517
 0.31702635 -0.2107738 
 0.97395454 -0.64854818
 0.23238624  0.20887115
-0.38811776  0.87821592
 1.3100961  -0.45721303
 0.05692806  0.51217677
 1.51586629 -0.51498594
 1.92975382  0.37568583
 0.29890633  0.02587788
-0.36059225  0.83213063
 0.76351331  0.56401478
 0.69464212  0.85402109
 1.43011198 -0.49711559
-0.78050261  0.56895785
 0.80786251  0.73976185
 0.30514897 -0.29666787
-0.74540472  0.51836807
-0.74216965  0.73835375
 0.63545507  0.7598354 
 1.71242538 -0.04288967
 0.80242923 -0.61528977
 0.21089072  0.06658341
 1.95826115  0.33254499
-0.86591347  0.60999991
-0.30586808  0.89130015
 1.73243149 -0.25184176
-0.87280282  0.5176482 
 1.1276928  -0.55691006
 0.8069594   0.21422375
-0.00306051  1.03058842
 0.14290307 -0.12964299
 0.647683    0.67968321
 1.08117841 -0.59214197
 0.54402048  0.69761125
 0.09407777  0.24531658
 1.97000131  0.26794273
-0.86636232  0.240645  
 1.35026865 -0.46634054
-0.62905639  0.64764459
 2.1046561   0.19511899
-0.50000476  0.8248811 
 0.45125983  0.63093317
-0.79405086  0.51720887
 1.32546649 -0.38155908
 1.1409878  0.0334953
 1.97821546  0.1397774 
 1.75235864 -0.19542249
 0.84146669  0.57247558
 0.64049181 -0.44758221
 1.8179261   0.02927141
 0.24899056  0.03762402
-0.1108191   0.87895363
 0.50352527 -0.37122402
 0.39251042 -0.49290184
-0.6081492   0.82230751
-0.72843478  0.48642577
 0.46418211 -0.13574682
-0.41202484  1.01086168
 2.02539587  0.33095268
 0.04854362 -0.21717109
 0.509197    0.90845959
 1.42432587 -0.40988064
 2.03104298  0.18705114
 0.09562498  0.01227363
 1.7398565  -0.10183566
-0.69497957  0.98667765
-0.72765538  0.56836916
 0.95949056  0.28922651
-0.53164118  0.66768074
 1.21202413  0.11206734
 0.98476698  0.51466781
 0.91882954 -0.10479729
 0.82530997 -0.56495739
 1.84373052  0.02117323
-1.0264048   0.29154613
 0.15596949  0.078245  
 0.21827669  1.026611  
-0.46448658  0.60012238
 2.00735346  0.44177427
-0.06227681  0.48948259
 0.77230349  0.69165498
 0.15694083 -0.20291931
 0.93099771  0.59082845
-0.38097959  0.93217684
 0.94423612  0.13350773
 1.29451379 -0.48733533
 1.32673676 -0.42928313
 0.77738419  0.49917082
-0.83634616  0.61132072
 1.56219395 -0.4154952 
 1.67925297 -0.46974425
 0.84766838  0.57887459
 1.55282485 -0.36080319
 1.75041444  0.06077576
 0.79949425  0.48950215
 1.34743628 -0.36697463
 0.61372465  0.68295928
 0.24300654 -0.07780007
 0.70006257  0.43911909
 1.63150187 -0.27233352
-0.81114472  0.64358768
 0.24275481  1.04866737
-0.36388206  0.97715929
 0.14283693  1.05150177
 0.24118599  0.6518758 
-0.99767795  0.10366851
 0.20728938  0.26163846
 1.39457818 -0.43490467
-1.03951999  0.0607249 
-0.04353146  0.52023927
 0.40288105  0.58261234
 0.95957871 -0.02333933
 1.66539176  0.03245968
 0.54151306 -0.46412751
 0.19639145 -0.15605637
-0.94803082  0.43295074
-0.16840069  0.94081038
 1.97939571  0.11303537
 0.30343731  1.00939187
 0.17850755  1.09955699
 0.91556579 -0.49824712
 0.27206897  1.04919245
-0.02521427  0.93408295
 1.09451741 -0.51680574
-0.06295865  0.31460831
 0.18668382  0.25716316
 0.28110152 -0.03273157
 0.35383616 -0.14384637
 0.84168168  0.33161693
 1.659639   -0.16374612
 0.25477332 -0.19941581
 0.51143944  1.02190062
-0.58634214  0.66894523
 2.09289778  0.05817181
 0.35741387  0.89841735
-0.28406912  0.98942009
 1.50060467 -0.43952431
 0.66772199  0.78645441
 0.06465281  0.32776011
 0.81528608  0.46659649
-0.83590258  0.68156513
 1.78614874  0.06109833
 0.87415886 -0.65194329
 1.50800691 -0.35295605
 0.02107294  0.95664305
 0.07909678  0.26572978
 1.83260131  0.34574493
-0.87987043  0.33165548
 0.9128698  0.0838983
 0.69724251  0.47312239
-0.49166395  0.95893474
-0.56919461  1.02184153
 0.86500317  0.6761169 
 1.2354402  -0.37840654
 0.5471705  -0.48066172
-0.25333693  0.97745958
 1.27190303 -0.57155019
 1.19507642  0.08016368
 0.99386987  0.43040245
 0.4802828  -0.36900025
 0.15641745 -0.03140458
-0.14389103  1.01979127
-0.92107574  0.37676848
 0.55224187 -0.32964991
 0.22789247 -0.33809215
 0.19629704  0.31634679
 0.36399422 -0.21181916
 0.29221437  0.92803204
 0.27681403  0.94998978
 0.4753293   0.90652213
 1.96693124  0.07713112
 0.60369178  0.87833543
 0.8554392  -0.59938981
-0.38414769  0.92674686
 0.54525177 -0.32371232
-1.06350568  0.15053334
 1.29984811 -0.44443496
 1.6706436  -0.31870304
 0.06026097  0.38191183
-1.00887316  0.11676191
 1.56333008 -0.22682221
 0.91993236 -0.45997138
 0.89760876 -0.37703427
 0.93341811 -0.27352623
 0.60359711  0.68073262
 0.61635931 -0.49826231
 1.04619145  0.11580412
 1.85550772  0.41841814
 0.92689364  0.21089966
 0.24164141 -0.34724163
 0.53319319 -0.30075235
-1.02377045  0.19145265
 0.05548624  0.3977861 
 1.7168995  -0.24963268
 0.58814439  0.98019279
 1.95563252  0.46306478
 1.16382372 -0.5000437 
-0.89130346  0.24421309
 0.89496254  0.49296976
 0.00217405 -0.02477074
-0.04346319  1.18706734
-0.74529388  0.92972206
 1.92353464  0.58914054
-0.98974336 -0.028882  
-0.64994099  0.6647557 
 1.98141935  0.08094831
 1.29820293 -0.5867346 
-1.15255242  0.2374297 
-0.25781656  0.94591239
 1.27366721 -0.39948643
-0.40286741  0.80581367
-0.81788525  0.50835198
-0.04110251  0.99181157
 1.33143811 -0.33837211
-0.66233863  0.57541516
 0.71034054 -0.46237198
-0.53630084  0.65097327
-0.04271867  0.15981821
 1.0707765  -0.09602496
 1.80658628 -0.01318673
 0.08115925  0.89338131
 2.16346741  0.58899945
 1.37036461 -0.29445473
 0.16265421  1.04511498
 0.29011505 -0.22987894
-0.20902675  0.87024936
-0.86905903  0.51985074
-0.02571607  0.18636597
 0.16184044  0.21872634
-0.190917    0.31868756
 0.79143198 -0.38838557
 0.96373145  0.39573481
-1.14924343  0.16514447
 0.22524482 -0.29274886
-0.7812264   0.06514976
 0.4788378   1.04317154
 0.06361474  0.11547367
 0.77937505  0.38413487
 0.40826514  0.87111293
-0.20072428  0.94474812
-0.13956131  1.19808   
-0.90868966  0.26866811
-0.12474116  1.00266777
-0.55627644  0.97901963
-0.83552291  0.77838796
 0.84585735 -0.48030088
 0.72594493  0.59042961
-0.13657309  0.85877345
 1.13551086 -0.65792748
-0.63079086  0.92444487
 1.40158703 -0.47727429
 0.22790637 -0.27554472
-0.88148819  0.72173308
 0.27425133 -0.18021253
 0.37072753 -0.43621086
-0.88865198  0.37171723
 1.02642976  0.21320576
-0.79937037  0.56534636
 1.96813162  0.40129083
 0.63836017 -0.47383104
 1.71800573  0.52136087
 0.46431846 -0.29036336
 0.15725349  1.16895118
 0.48853658  0.7864501 
 1.10865044  0.42947402
 0.11172181  0.12154991
-0.01920393  0.45785572
 0.4822474   0.84763113
 0.19910991  0.32395915
-0.41652516  0.93001519
-0.12127794  0.95762151
 0.87208424 -0.33213697
-0.10697554  1.13025235
 0.12158445  0.09865585
 0.79624118  0.34218508
-0.72577198  0.53157178
-0.99526878  0.02745622
-0.08439349  1.10199928
-0.82716663  0.15176445
 1.64118136 -0.24751958
-0.11873164  1.04157694
-0.90329199  0.22447588
-0.612781    0.88695524
 0.00253407  1.15623802
 1.08145374 -0.37733422
 0.27515451  0.85730297
 0.37553669  0.95486962
-0.90095255  0.27992102
 0.91679659  0.3844882 
 0.87947545 -0.31768516
 0.32069415 -0.32378273
 1.02771794  0.10119544
 1.04122998  0.26647558
 0.07558054  0.16480417
-0.37439439  1.10851692
 1.55679994 -0.19853215
 0.22275519  0.98314976
 0.97397598  0.31167755
 0.42195067 -0.35247361
 1.85887569 -0.16539365
 1.54951146 -0.39323992
 1.05576531  0.38282388
 0.94365968 -0.52560497
 0.8479642   0.24574481
 0.62625437  0.88571114
 1.8487536   0.31033751
-0.65173778  0.99013662
 1.4464718  -0.31605482
 0.46339291  0.9012108 
-0.04918958  1.14613413
 1.22947425  0.28707468
 0.85172735  0.26301949
 1.2071749  -0.54306322
 0.04146066  0.35170514
 1.98306702  0.36628499
 0.96246781 -0.40810644
 0.45854717 -0.21149566
 0.1165337   1.04885733
 1.16643603 -0.48712716
 0.93325724 -0.56230186
 1.23127219 -0.38093177
 2.07808635  0.17783971
 1.9612792   0.07174389
-0.50940166  0.77228648
 1.95288857 -0.01093189
 0.68925285  1.01468993
-0.78513967  0.84406518
 1.05909119 -0.38829476
 1.83809509  0.27655991
 1.80709638  0.0860745 
 0.29384801  0.93241513
 0.22160181  1.09923505
 0.96843751  0.20475853
-1.20826791  0.33772669
 1.76838942 -0.20926587
 2.12328191  0.42153757
-0.88666504  0.22636266
 0.02758154  0.19024136
 1.54415889 -0.27650175
 0.44880097  0.78658138
 1.738383   -0.26831785
 0.72654153 -0.4879861 
 0.76968233  0.6631269 
