0 5.23976 4.87786 
0 5.91113 5.42446 
0 4.94508 4.03598 
0 4.40997 4.47896 
0 4.62719 4.85859 
0 5.01247 5.17778 
0 5.44342 4.14536 
0 4.51618 4.00777 
0 4.46799 3.89789 
0 4.34845 3.78735 
0 4.30964 3.9407 
0 4.26583 3.88095 
0 4.75098 3.82573 
0 4.83766 3.82607 
0 5.13518 3.85773 
0 4.97099 3.74773 
0 5.59458 3.9594 
0 5.09835 3.66473 
0 5.42272 3.78467 
0 4.85394 3.53616 
0 5.30706 3.67698 
0 5.58117 3.6076 
0 5.26141 3.44938 
0 4.55537 3.39993 
0 4.96919 3.32321 
0 5.25706 3.33621 
1 5.00005 1.16414 
1 5.42639 1.19463 
1 4.54298 0.503113 
1 4.25889 1.57135 
1 4.73884 0.867905 
1 4.80776 1.72941 
1 4.28799 0.876345 
1 3.9333 1.60186 
1 3.74932 1.79615 
1 3.93579 1.98506 
1 4.05562 2.09535 
1 3.78715 1.94303 
1 3.97023 2.05152 
1 2.51372 1.30114 
1 5.32706 1.5306 
2 7.22945 3.1136 
2 7.02369 3.10336 
2 6.60395 3.32751 
2 5.93373 2.74495 
2 6.0205 2.42999 
2 6.25025 3.42862 
2 5.92483 3.35006 
2 6.08263 3.19218 
2 6.00006 2.53228 
2 6.24245 3.44133 
2 6.23468 3.13703 
2 6.60346 2.52893 
2 6.53007 3.64868 
2 6.6821 2.86806 
2 5.94922 3.41149 
2 6.1921 2.12413 
2 6.00608 2.17771 
2 5.92979 1.96402 
2 5.65236 2.91331 
3 4.05204 2.74605 
3 3.49384 3.30182 
3 2.68072 3.69916 
3 2.80756 2.8822 
3 3.05115 2.68857 
3 3.38817 3.31995 
3 3.67821 2.71174 
3 3.3298 3.30862 
3 3.33584 2.87511 
3 2.74165 3.56317 
3 3.82579 2.49541 
3 4.05851 3.10063 
3 1.97082 4.13846 
3 3.43494 4.5763 
3 4.12427 2.8528 
4 4.72593 2.61741 
4 5.18323 3.07993 
4 4.92916 2.7901 
4 5.04137 3.08519 
4 5.18245 2.72695 
4 5.35032 3.1644 
4 4.49218 2.97914 
4 5.27607 2.82317 
4 4.77037 2.70814 
4 4.34909 2.90576 
4 5.06619 2.71586 
4 5.3502 2.68423 
4 5.47163 2.76614 
4 4.91546 2.51906 
4 4.67942 2.43934 
4 4.97554 2.44171 
4 4.76355 2.39547 
4 5.39189 2.37091 
4 5.51525 2.30884 
4 5.33756 2.09527 
4 5.23235 2.21585 
4 5.00116 2.09125 
4 4.72194 2.13918 
4 4.84406 2.07004 
4 5.86172 1.97427 
