5.183227 3.079934 
3.970232 2.051519 
5.949222 3.411491 
5.307062 3.676978 
5.135175 3.857733 
5.515246 2.308841 
5.261406 3.449378 
4.058514 3.100633 
4.837662 3.826070 
4.853945 3.536157 
4.467989 3.897888 
6.682104 2.868062 
4.124271 2.852799 
4.516185 4.007773 
4.287995 0.876345 
3.825788 2.495414 
4.807760 1.729406 
4.725930 2.617415 
6.530073 3.648679 
4.750975 3.825727 
3.935787 1.985056 
6.603457 2.528930 
6.234679 3.137025 
4.770374 2.708137 
3.493840 3.301819 
4.555372 3.399931 
4.844059 2.070038 
5.276068 2.823170 
4.738836 0.867905 
5.443422 4.145362 
5.391894 2.370909 
3.749321 1.796150 
4.052039 2.746055 
4.258894 1.571353 
4.492182 2.979142 
4.679424 2.439335 
5.012469 5.177779 
1.970823 4.138465 
4.542985 0.503113 
6.242448 3.441327 
3.933299 1.601862 
5.933728 2.744945 
5.350321 3.164404 
4.970994 3.747734 
5.182452 2.726953 
3.434944 4.576300 
4.915461 2.519063 
6.603946 3.327512 
5.098348 3.664734 
5.041374 3.085189 
4.265831 3.880953 
4.969186 3.323213 
5.232347 2.215854 
5.426388 1.194627 
4.627191 4.858593 
4.763545 2.395470 
7.023691 3.103360 
2.741646 3.563167 
7.229446 3.113597 
5.337564 2.095274 
6.000061 2.532285 
3.335836 2.875110 
4.409965 4.478958 
4.721936 2.139184 
5.422716 3.784668 
3.329799 3.308623 
5.471634 2.766140 
3.787153 1.943027 
5.066190 2.715859 
5.652356 2.913310 
5.327060 1.530605 
6.082634 3.192182 
6.006077 2.177707 
4.349092 2.905759 
5.257056 3.336213 
4.055622 2.095346 
3.678211 2.711744 
5.924826 3.350063 
5.000050 1.164141 
4.945081 4.035976 
5.911127 5.424461 
5.594584 3.959401 
5.350201 2.684228 
6.250251 3.428623 
5.929789 1.964015 
5.239763 4.877865 
4.309639 3.940704 
4.348446 3.787346 
6.192102 2.124126 
3.388170 3.319949 
4.975538 2.441706 
3.051153 2.688571 
6.020498 2.429990 
5.861716 1.974266 
5.001162 2.091254 
4.929163 2.790103 
2.513716 1.301136 
5.581172 3.607601 
2.807565 2.882202 
2.680720 3.699160 
