40 84 0.0205069
66 90 0.0696974
85 94 0.0783243
3 78 0.085824
9 20 0.0870299
2 21 0.100908
51 87 0.103559
7 75 0.117515
61 93 0.122732
25 102 0.1238
45 69 0.127357
36 56 0.127986
106 76 0.129217
18 24 0.135166
47 91 0.137434
1 50 0.147108
11 14 0.158081
107 88 0.176222
27 95 0.178319
13 33 0.178976
32 68 0.184709
6 31 0.18542
28 111 0.189833
113 121 0.190663
119 64 0.191269
58 100 0.196919
117 118 0.201166
67 83 0.203345
23 72 0.207202
44 49 0.210354
123 128 0.210474
131 96 0.211271
105 130 0.211668
57 59 0.215991
35 74 0.216473
4 133 0.220958
136 65 0.223344
114 112 0.224586
53 60 0.225797
137 5 0.229826
73 89 0.239606
138 132 0.240755
116 43 0.251564
142 115 0.258229
143 108 0.265074
109 141 0.266704
145 140 0.273256
120 135 0.277781
42 146 0.278993
149 103 0.28998
144 125 0.297895
147 52 0.30087
152 10 0.306195
129 101 0.30717
8 148 0.313591
153 80 0.314155
122 139 0.314602
104 154 0.315689
151 70 0.327892
156 98 0.335523
30 82 0.337123
157 159 0.340422
160 161 0.346601
163 162 0.349605
164 127 0.355147
34 41 0.356104
16 77 0.363907
165 17 0.376931
124 166 0.378266
19 48 0.39504
155 167 0.408139
12 22 0.417779
168 26 0.434799
54 71 0.435306
92 99 0.437219
110 62 0.43955
173 150 0.449737
158 170 0.454807
174 79 0.456824
15 29 0.459281
176 175 0.471222
177 171 0.483979
182 181 0.505741
37 86 0.527208
178 172 0.537608
180 179 0.55745
186 39 0.560643
183 185 0.56416
188 187 0.575173
189 134 0.576885
190 63 0.577405
191 169 0.588339
192 55 0.596861
193 184 0.631844
194 126 0.746884
195 46 1.07236
196 81 1.14534
197 38 1.1492
198 97 1.72031
