5.183227 5.079934 
3.970232 4.051519 
5.949222 5.411491 
5.307062 5.676978 
5.135175 5.857733 
5.515246 4.308841 
5.261406 5.449378 
4.058514 5.100633 
4.837662 5.826070 
4.853945 5.536157 
4.467989 5.897888 
6.682104 4.868062 
4.124271 4.852799 
4.516185 6.007773 
4.287995 2.876345 
3.825788 4.495414 
4.807760 3.729406 
4.725930 4.617415 
6.530073 5.648679 
4.750975 5.825727 
3.935787 3.985056 
6.603457 4.528930 
6.234679 5.137025 
4.770374 4.708137 
3.493840 5.301819 
4.555372 5.399931 
4.844059 4.070038 
5.276068 4.823170 
4.738836 2.867905 
5.443422 6.145362 
5.391894 4.370909 
3.749321 3.796150 
4.052039 4.746055 
4.258894 3.571353 
4.492182 4.979142 
4.679424 4.439335 
5.012469 7.177779 
1.970823 6.138465 
4.542985 2.503113 
6.242448 5.441327 
3.933299 3.601862 
5.933728 4.744945 
5.350321 5.164404 
4.970994 5.747734 
5.182452 4.726953 
3.434944 6.576300 
4.915461 4.519063 
6.603946 5.327512 
5.098348 5.664734 
5.041374 5.085189 
4.265831 5.880953 
4.969186 5.323213 
5.232347 4.215854 
5.426388 3.194627 
4.627191 6.858593 
4.763545 4.395470 
7.023691 5.103360 
2.741646 5.563167 
7.229446 5.113597 
5.337564 4.095274 
6.000061 4.532285 
3.335836 4.875110 
4.409965 6.478958 
4.721936 4.139184 
5.422716 5.784668 
3.329799 5.308623 
5.471634 4.766140 
3.787153 3.943027 
5.066190 4.715859 
5.652356 4.913310 
5.327060 3.530605 
6.082634 5.192182 
6.006077 4.177707 
4.349092 4.905759 
5.257056 5.336213 
4.055622 4.095346 
3.678211 4.711744 
5.924826 5.350063 
5.000050 3.164141 
4.945081 6.035976 
5.911127 7.424461 
5.594584 5.959401 
5.350201 4.684228 
6.250251 5.428623 
5.929789 3.964015 
5.239763 6.877865 
4.309639 5.940704 
4.348446 5.787346 
6.192102 4.124126 
3.388170 5.319949 
4.975538 4.441706 
3.051153 4.688571 
6.020498 4.429990 
5.861716 3.974266 
5.001162 4.091254 
4.929163 4.790103 
2.513716 3.301136 
5.581172 5.607601 
2.807565 4.882202 
2.680720 5.699160 
